(kicad_pcb (version 20171130) (host pcbnew 5.0.1)

  (general
    (thickness 1.6)
    (drawings 6)
    (tracks 178)
    (zones 0)
    (modules 18)
    (nets 25)
  )

  (page A4)
  (layers
    (0 F.Cu signal)
    (31 B.Cu signal)
    (32 B.Adhes user)
    (33 F.Adhes user)
    (34 B.Paste user)
    (35 F.Paste user)
    (36 B.SilkS user hide)
    (37 F.SilkS user hide)
    (38 B.Mask user hide)
    (39 F.Mask user hide)
    (40 Dwgs.User user)
    (41 Cmts.User user)
    (42 Eco1.User user)
    (43 Eco2.User user)
    (44 Edge.Cuts user)
    (45 Margin user)
    (46 B.CrtYd user)
    (47 F.CrtYd user)
    (48 B.Fab user)
    (49 F.Fab user)
  )

  (setup
    (last_trace_width 0.4064)
    (user_trace_width 0.4064)
    (user_trace_width 0.4572)
    (user_trace_width 0.508)
    (user_trace_width 0.635)
    (user_trace_width 0.762)
    (user_trace_width 1.524)
    (trace_clearance 0.2)
    (zone_clearance 0.508)
    (zone_45_only no)
    (trace_min 0.2)
    (segment_width 0.2)
    (edge_width 0.15)
    (via_size 0.8)
    (via_drill 0.4)
    (via_min_size 0.4)
    (via_min_drill 0.3)
    (user_via 1.2 0.9)
    (uvia_size 0.3)
    (uvia_drill 0.1)
    (uvias_allowed no)
    (uvia_min_size 0.2)
    (uvia_min_drill 0.1)
    (pcb_text_width 0.3)
    (pcb_text_size 1.5 1.5)
    (mod_edge_width 0.15)
    (mod_text_size 1 1)
    (mod_text_width 0.15)
    (pad_size 1.524 1.524)
    (pad_drill 0.762)
    (pad_to_mask_clearance 0.051)
    (solder_mask_min_width 0.25)
    (aux_axis_origin 0 0)
    (visible_elements FFFFFF7F)
    (pcbplotparams
      (layerselection 0x010fc_ffffffff)
      (usegerberextensions false)
      (usegerberattributes false)
      (usegerberadvancedattributes false)
      (creategerberjobfile false)
      (excludeedgelayer true)
      (linewidth 0.100000)
      (plotframeref false)
      (viasonmask false)
      (mode 1)
      (useauxorigin false)
      (hpglpennumber 1)
      (hpglpenspeed 20)
      (hpglpendiameter 15.000000)
      (psnegative false)
      (psa4output false)
      (plotreference true)
      (plotvalue true)
      (plotinvisibletext false)
      (padsonsilk false)
      (subtractmaskfromsilk false)
      (outputformat 1)
      (mirror false)
      (drillshape 1)
      (scaleselection 1)
      (outputdirectory ""))
  )

  (net 0 "")
  (net 1 GND)
  (net 2 "Net-(BZ1-Pad1)")
  (net 3 VDD)
  (net 4 Ctrl_One)
  (net 5 Ctrl_Ten)
  (net 6 USB_D-)
  (net 7 "Net-(J1-Pad4)")
  (net 8 USB_D+)
  (net 9 Buzzer)
  (net 10 BOOT0)
  (net 11 "Net-(U1-Pad7)")
  (net 12 "Net-(U1-Pad9)")
  (net 13 "Net-(U1-Pad10)")
  (net 14 "Net-(U1-Pad14)")
  (net 15 "Net-(BT1-Pad1)")
  (net 16 USB_VBUS)
  (net 17 "Net-(U1-Pad12)")
  (net 18 "Net-(U1-Pad11)")
  (net 19 NRST)
  (net 20 SWDIO)
  (net 21 SWCLK)
  (net 22 SDA)
  (net 23 SCL)
  (net 24 "Net-(D1-Pad1)")

  (net_class Default "This is the default net class."
    (clearance 0.2)
    (trace_width 0.25)
    (via_dia 0.8)
    (via_drill 0.4)
    (uvia_dia 0.3)
    (uvia_drill 0.1)
    (add_net BOOT0)
    (add_net Buzzer)
    (add_net Ctrl_One)
    (add_net Ctrl_Ten)
    (add_net GND)
    (add_net NRST)
    (add_net "Net-(BT1-Pad1)")
    (add_net "Net-(BZ1-Pad1)")
    (add_net "Net-(D1-Pad1)")
    (add_net "Net-(J1-Pad4)")
    (add_net "Net-(U1-Pad10)")
    (add_net "Net-(U1-Pad11)")
    (add_net "Net-(U1-Pad12)")
    (add_net "Net-(U1-Pad14)")
    (add_net "Net-(U1-Pad7)")
    (add_net "Net-(U1-Pad9)")
    (add_net SCL)
    (add_net SDA)
    (add_net SWCLK)
    (add_net SWDIO)
    (add_net USB_D+)
    (add_net USB_D-)
    (add_net USB_VBUS)
    (add_net VDD)
  )

  (module Package_TO_SOT_SMD:SOT-89-3 (layer F.Cu) (tedit 5C477F4D) (tstamp 5C5653E0)
    (at 132.92 102.57)
    (descr SOT-89-3)
    (tags SOT-89-3)
    (path /5C228345)
    (attr smd)
    (fp_text reference L1 (at 0.45 -3.2) (layer F.SilkS)
      (effects (font (size 1 1) (thickness 0.15)))
    )
    (fp_text value HT7333-A (at 0.45 3.25) (layer F.Fab)
      (effects (font (size 1 1) (thickness 0.15)))
    )
    (fp_text user %R (at 0.38 0 -270) (layer F.Fab)
      (effects (font (size 0.6 0.6) (thickness 0.09)))
    )
    (fp_line (start 1.78 1.2) (end 1.78 2.4) (layer F.SilkS) (width 0.12))
    (fp_line (start 1.78 2.4) (end -0.92 2.4) (layer F.SilkS) (width 0.12))
    (fp_line (start -2.22 -2.4) (end 1.78 -2.4) (layer F.SilkS) (width 0.12))
    (fp_line (start 1.78 -2.4) (end 1.78 -1.2) (layer F.SilkS) (width 0.12))
    (fp_line (start -0.92 -1.51) (end -0.13 -2.3) (layer F.Fab) (width 0.1))
    (fp_line (start 1.68 -2.3) (end 1.68 2.3) (layer F.Fab) (width 0.1))
    (fp_line (start 1.68 2.3) (end -0.92 2.3) (layer F.Fab) (width 0.1))
    (fp_line (start -0.92 2.3) (end -0.92 -1.51) (layer F.Fab) (width 0.1))
    (fp_line (start -0.13 -2.3) (end 1.68 -2.3) (layer F.Fab) (width 0.1))
    (fp_line (start 3.23 -2.55) (end 3.23 2.55) (layer F.CrtYd) (width 0.05))
    (fp_line (start 3.23 -2.55) (end -2.48 -2.55) (layer F.CrtYd) (width 0.05))
    (fp_line (start -2.48 2.55) (end 3.23 2.55) (layer F.CrtYd) (width 0.05))
    (fp_line (start -2.48 2.55) (end -2.48 -2.55) (layer F.CrtYd) (width 0.05))
    (pad 2 smd trapezoid (at 2.667 0 270) (size 1.6 0.85) (rect_delta 0 0.6 ) (layers F.Cu F.Paste F.Mask)
      (net 16 USB_VBUS))
    (pad 1 smd rect (at -1.48 -1.5 270) (size 1 1.5) (layers F.Cu F.Paste F.Mask)
      (net 1 GND))
    (pad 2 smd rect (at -1.3335 0 270) (size 1 1.8) (layers F.Cu F.Paste F.Mask)
      (net 16 USB_VBUS))
    (pad 3 smd rect (at -1.48 1.5 270) (size 1 1.5) (layers F.Cu F.Paste F.Mask)
      (net 24 "Net-(D1-Pad1)"))
    (pad 2 smd rect (at 1.3335 0 270) (size 2.2 1.84) (layers F.Cu F.Paste F.Mask)
      (net 16 USB_VBUS))
    (pad 2 smd trapezoid (at -0.0762 0 90) (size 1.5 1) (rect_delta 0 0.7 ) (layers F.Cu F.Paste F.Mask)
      (net 16 USB_VBUS))
    (model ${KISYS3DMOD}/Package_TO_SOT_SMD.3dshapes/SOT-89-3.wrl
      (at (xyz 0 0 0))
      (scale (xyz 1 1 1))
      (rotate (xyz 0 0 0))
    )
  )

  (module tl3342:tl3342 (layer F.Cu) (tedit 59F2418F) (tstamp 5C4BBA86)
    (at 177.615 107.774)
    (descr "Low-profile SMD Tactile Switch, https://www.e-switch.com/system/asset/product_line/data_sheet/165/TL3342.pdf")
    (tags "SPST Tactile Switch")
    (path /5C1E9C39)
    (attr smd)
    (fp_text reference SW2 (at 0 -3.75) (layer F.SilkS)
      (effects (font (size 1 1) (thickness 0.15)))
    )
    (fp_text value Ctrl_One_Btn (at 0 3.75) (layer F.Fab)
      (effects (font (size 1 1) (thickness 0.15)))
    )
    (fp_text user %R (at 0 -3.75) (layer F.Fab)
      (effects (font (size 1 1) (thickness 0.15)))
    )
    (fp_line (start 3.2 2.1) (end 3.2 1.6) (layer F.Fab) (width 0.1))
    (fp_line (start 3.2 -2.1) (end 3.2 -1.6) (layer F.Fab) (width 0.1))
    (fp_line (start -3.2 2.1) (end -3.2 1.6) (layer F.Fab) (width 0.1))
    (fp_line (start -3.2 -2.1) (end -3.2 -1.6) (layer F.Fab) (width 0.1))
    (fp_line (start 2.7 -2.1) (end 2.7 -1.6) (layer F.Fab) (width 0.1))
    (fp_line (start 1.7 -2.1) (end 3.2 -2.1) (layer F.Fab) (width 0.1))
    (fp_line (start 3.2 -1.6) (end 2.2 -1.6) (layer F.Fab) (width 0.1))
    (fp_line (start -2.7 -2.1) (end -2.7 -1.6) (layer F.Fab) (width 0.1))
    (fp_line (start -1.7 -2.1) (end -3.2 -2.1) (layer F.Fab) (width 0.1))
    (fp_line (start -3.2 -1.6) (end -2.2 -1.6) (layer F.Fab) (width 0.1))
    (fp_line (start -2.7 2.1) (end -2.7 1.6) (layer F.Fab) (width 0.1))
    (fp_line (start -3.2 1.6) (end -2.2 1.6) (layer F.Fab) (width 0.1))
    (fp_line (start -1.7 2.1) (end -3.2 2.1) (layer F.Fab) (width 0.1))
    (fp_line (start 1.7 2.1) (end 3.2 2.1) (layer F.Fab) (width 0.1))
    (fp_line (start 2.7 2.1) (end 2.7 1.6) (layer F.Fab) (width 0.1))
    (fp_line (start 3.2 1.6) (end 2.2 1.6) (layer F.Fab) (width 0.1))
    (fp_line (start -1.7 2.3) (end -1.25 2.75) (layer F.SilkS) (width 0.12))
    (fp_line (start 1.7 2.3) (end 1.25 2.75) (layer F.SilkS) (width 0.12))
    (fp_line (start 1.7 -2.3) (end 1.25 -2.75) (layer F.SilkS) (width 0.12))
    (fp_line (start -1.7 -2.3) (end -1.25 -2.75) (layer F.SilkS) (width 0.12))
    (fp_line (start -2 -1) (end -1 -2) (layer F.Fab) (width 0.1))
    (fp_line (start -1 -2) (end 1 -2) (layer F.Fab) (width 0.1))
    (fp_line (start 1 -2) (end 2 -1) (layer F.Fab) (width 0.1))
    (fp_line (start 2 -1) (end 2 1) (layer F.Fab) (width 0.1))
    (fp_line (start 2 1) (end 1 2) (layer F.Fab) (width 0.1))
    (fp_line (start 1 2) (end -1 2) (layer F.Fab) (width 0.1))
    (fp_line (start -1 2) (end -2 1) (layer F.Fab) (width 0.1))
    (fp_line (start -2 1) (end -2 -1) (layer F.Fab) (width 0.1))
    (fp_line (start 2.75 -1) (end 2.75 1) (layer F.SilkS) (width 0.12))
    (fp_line (start -1.25 2.75) (end 1.25 2.75) (layer F.SilkS) (width 0.12))
    (fp_line (start -2.75 -1) (end -2.75 1) (layer F.SilkS) (width 0.12))
    (fp_line (start -1.25 -2.75) (end 1.25 -2.75) (layer F.SilkS) (width 0.12))
    (fp_line (start -2.6 -1.2) (end -2.6 1.2) (layer F.Fab) (width 0.1))
    (fp_line (start -2.6 1.2) (end -1.2 2.6) (layer F.Fab) (width 0.1))
    (fp_line (start -1.2 2.6) (end 1.2 2.6) (layer F.Fab) (width 0.1))
    (fp_line (start 1.2 2.6) (end 2.6 1.2) (layer F.Fab) (width 0.1))
    (fp_line (start 2.6 1.2) (end 2.6 -1.2) (layer F.Fab) (width 0.1))
    (fp_line (start 2.6 -1.2) (end 1.2 -2.6) (layer F.Fab) (width 0.1))
    (fp_line (start 1.2 -2.6) (end -1.2 -2.6) (layer F.Fab) (width 0.1))
    (fp_line (start -1.2 -2.6) (end -2.6 -1.2) (layer F.Fab) (width 0.1))
    (fp_line (start -3.8 -3) (end 3.8 -3) (layer F.CrtYd) (width 0.05))
    (fp_line (start 3.8 -3) (end 3.8 3) (layer F.CrtYd) (width 0.05))
    (fp_line (start 3.8 3) (end -3.8 3) (layer F.CrtYd) (width 0.05))
    (fp_line (start -3.8 3) (end -3.8 -3) (layer F.CrtYd) (width 0.05))
    (fp_circle (center 0 0) (end 1 0) (layer F.Fab) (width 0.1))
    (pad 1 smd rect (at -3.15 -1.9) (size 0.85 1) (layers F.Cu F.Paste F.Mask)
      (net 4 Ctrl_One))
    (pad 1 smd rect (at 3.15 -1.9) (size 0.85 1) (layers F.Cu F.Paste F.Mask)
      (net 4 Ctrl_One))
    (pad 2 smd rect (at -3.15 1.9) (size 0.85 1) (layers F.Cu F.Paste F.Mask)
      (net 3 VDD))
    (pad 2 smd rect (at 3.15 1.9) (size 0.85 1) (layers F.Cu F.Paste F.Mask)
      (net 3 VDD))
    (model ${KIPRJMOD}/libs/tl3342.step
      (at (xyz 0 0 0))
      (scale (xyz 1 1 1))
      (rotate (xyz 0 0 0))
    )
  )

  (module Capacitor_SMD:C_0805_2012Metric_Pad1.15x1.40mm_HandSolder (layer F.Cu) (tedit 5B36C52B) (tstamp 5C6037D9)
    (at 153.635 105.465 90)
    (descr "Capacitor SMD 0805 (2012 Metric), square (rectangular) end terminal, IPC_7351 nominal with elongated pad for handsoldering. (Body size source: https://docs.google.com/spreadsheets/d/1BsfQQcO9C6DZCsRaXUlFlo91Tg2WpOkGARC1WS5S8t0/edit?usp=sharing), generated with kicad-footprint-generator")
    (tags "capacitor handsolder")
    (path /5C202927)
    (attr smd)
    (fp_text reference C1 (at 2.605 0.005 180) (layer F.SilkS)
      (effects (font (size 1 1) (thickness 0.15)))
    )
    (fp_text value 0.1u (at 2.715 0.055 180) (layer F.Fab)
      (effects (font (size 1 1) (thickness 0.15)))
    )
    (fp_text user %R (at 0 0 90) (layer F.Fab)
      (effects (font (size 0.5 0.5) (thickness 0.08)))
    )
    (fp_line (start 1.85 0.95) (end -1.85 0.95) (layer F.CrtYd) (width 0.05))
    (fp_line (start 1.85 -0.95) (end 1.85 0.95) (layer F.CrtYd) (width 0.05))
    (fp_line (start -1.85 -0.95) (end 1.85 -0.95) (layer F.CrtYd) (width 0.05))
    (fp_line (start -1.85 0.95) (end -1.85 -0.95) (layer F.CrtYd) (width 0.05))
    (fp_line (start -0.261252 0.71) (end 0.261252 0.71) (layer F.SilkS) (width 0.12))
    (fp_line (start -0.261252 -0.71) (end 0.261252 -0.71) (layer F.SilkS) (width 0.12))
    (fp_line (start 1 0.6) (end -1 0.6) (layer F.Fab) (width 0.1))
    (fp_line (start 1 -0.6) (end 1 0.6) (layer F.Fab) (width 0.1))
    (fp_line (start -1 -0.6) (end 1 -0.6) (layer F.Fab) (width 0.1))
    (fp_line (start -1 0.6) (end -1 -0.6) (layer F.Fab) (width 0.1))
    (pad 2 smd roundrect (at 1.025 0 90) (size 1.15 1.4) (layers F.Cu F.Paste F.Mask) (roundrect_rratio 0.217391)
      (net 1 GND))
    (pad 1 smd roundrect (at -1.025 0 90) (size 1.15 1.4) (layers F.Cu F.Paste F.Mask) (roundrect_rratio 0.217391)
      (net 3 VDD))
    (model ${KISYS3DMOD}/Capacitor_SMD.3dshapes/C_0805_2012Metric.wrl
      (at (xyz 0 0 0))
      (scale (xyz 1 1 1))
      (rotate (xyz 0 0 0))
    )
  )

  (module Capacitor_SMD:C_0805_2012Metric_Pad1.15x1.40mm_HandSolder (layer F.Cu) (tedit 5B36C52B) (tstamp 5C6037A9)
    (at 150.81 105.46 90)
    (descr "Capacitor SMD 0805 (2012 Metric), square (rectangular) end terminal, IPC_7351 nominal with elongated pad for handsoldering. (Body size source: https://docs.google.com/spreadsheets/d/1BsfQQcO9C6DZCsRaXUlFlo91Tg2WpOkGARC1WS5S8t0/edit?usp=sharing), generated with kicad-footprint-generator")
    (tags "capacitor handsolder")
    (path /5C20292E)
    (attr smd)
    (fp_text reference C3 (at 3.86 -0.13 180) (layer F.SilkS)
      (effects (font (size 1 1) (thickness 0.15)))
    )
    (fp_text value 4.7u (at 2.73 -0.37 180) (layer F.Fab)
      (effects (font (size 1 1) (thickness 0.15)))
    )
    (fp_line (start -1 0.6) (end -1 -0.6) (layer F.Fab) (width 0.1))
    (fp_line (start -1 -0.6) (end 1 -0.6) (layer F.Fab) (width 0.1))
    (fp_line (start 1 -0.6) (end 1 0.6) (layer F.Fab) (width 0.1))
    (fp_line (start 1 0.6) (end -1 0.6) (layer F.Fab) (width 0.1))
    (fp_line (start -0.261252 -0.71) (end 0.261252 -0.71) (layer F.SilkS) (width 0.12))
    (fp_line (start -0.261252 0.71) (end 0.261252 0.71) (layer F.SilkS) (width 0.12))
    (fp_line (start -1.85 0.95) (end -1.85 -0.95) (layer F.CrtYd) (width 0.05))
    (fp_line (start -1.85 -0.95) (end 1.85 -0.95) (layer F.CrtYd) (width 0.05))
    (fp_line (start 1.85 -0.95) (end 1.85 0.95) (layer F.CrtYd) (width 0.05))
    (fp_line (start 1.85 0.95) (end -1.85 0.95) (layer F.CrtYd) (width 0.05))
    (fp_text user %R (at 0 0 90) (layer F.Fab)
      (effects (font (size 0.5 0.5) (thickness 0.08)))
    )
    (pad 1 smd roundrect (at -1.025 0 90) (size 1.15 1.4) (layers F.Cu F.Paste F.Mask) (roundrect_rratio 0.217391)
      (net 3 VDD))
    (pad 2 smd roundrect (at 1.025 0 90) (size 1.15 1.4) (layers F.Cu F.Paste F.Mask) (roundrect_rratio 0.217391)
      (net 1 GND))
    (model ${KISYS3DMOD}/Capacitor_SMD.3dshapes/C_0805_2012Metric.wrl
      (at (xyz 0 0 0))
      (scale (xyz 1 1 1))
      (rotate (xyz 0 0 0))
    )
  )

  (module Capacitor_SMD:C_0805_2012Metric_Pad1.15x1.40mm_HandSolder (layer F.Cu) (tedit 5B36C52B) (tstamp 5C4C52F5)
    (at 171.194 128.705 180)
    (descr "Capacitor SMD 0805 (2012 Metric), square (rectangular) end terminal, IPC_7351 nominal with elongated pad for handsoldering. (Body size source: https://docs.google.com/spreadsheets/d/1BsfQQcO9C6DZCsRaXUlFlo91Tg2WpOkGARC1WS5S8t0/edit?usp=sharing), generated with kicad-footprint-generator")
    (tags "capacitor handsolder")
    (path /5C1EFF71)
    (attr smd)
    (fp_text reference C7 (at 0 -1.65 180) (layer F.SilkS)
      (effects (font (size 1 1) (thickness 0.15)))
    )
    (fp_text value 0.1u (at 0 1.65 180) (layer F.Fab)
      (effects (font (size 1 1) (thickness 0.15)))
    )
    (fp_line (start -1 0.6) (end -1 -0.6) (layer F.Fab) (width 0.1))
    (fp_line (start -1 -0.6) (end 1 -0.6) (layer F.Fab) (width 0.1))
    (fp_line (start 1 -0.6) (end 1 0.6) (layer F.Fab) (width 0.1))
    (fp_line (start 1 0.6) (end -1 0.6) (layer F.Fab) (width 0.1))
    (fp_line (start -0.261252 -0.71) (end 0.261252 -0.71) (layer F.SilkS) (width 0.12))
    (fp_line (start -0.261252 0.71) (end 0.261252 0.71) (layer F.SilkS) (width 0.12))
    (fp_line (start -1.85 0.95) (end -1.85 -0.95) (layer F.CrtYd) (width 0.05))
    (fp_line (start -1.85 -0.95) (end 1.85 -0.95) (layer F.CrtYd) (width 0.05))
    (fp_line (start 1.85 -0.95) (end 1.85 0.95) (layer F.CrtYd) (width 0.05))
    (fp_line (start 1.85 0.95) (end -1.85 0.95) (layer F.CrtYd) (width 0.05))
    (fp_text user %R (at 0 0 180) (layer F.Fab)
      (effects (font (size 0.5 0.5) (thickness 0.08)))
    )
    (pad 1 smd roundrect (at -1.025 0 180) (size 1.15 1.4) (layers F.Cu F.Paste F.Mask) (roundrect_rratio 0.217391)
      (net 19 NRST))
    (pad 2 smd roundrect (at 1.025 0 180) (size 1.15 1.4) (layers F.Cu F.Paste F.Mask) (roundrect_rratio 0.217391)
      (net 1 GND))
    (model ${KISYS3DMOD}/Capacitor_SMD.3dshapes/C_0805_2012Metric.wrl
      (at (xyz 0 0 0))
      (scale (xyz 1 1 1))
      (rotate (xyz 0 0 0))
    )
  )

  (module Capacitor_SMD:C_0805_2012Metric_Pad1.15x1.40mm_HandSolder (layer F.Cu) (tedit 5B36C52B) (tstamp 5C2C0B97)
    (at 172.24 107.649 90)
    (descr "Capacitor SMD 0805 (2012 Metric), square (rectangular) end terminal, IPC_7351 nominal with elongated pad for handsoldering. (Body size source: https://docs.google.com/spreadsheets/d/1BsfQQcO9C6DZCsRaXUlFlo91Tg2WpOkGARC1WS5S8t0/edit?usp=sharing), generated with kicad-footprint-generator")
    (tags "capacitor handsolder")
    (path /5C20FD6A)
    (attr smd)
    (fp_text reference C8 (at 0 -1.65 90) (layer F.SilkS)
      (effects (font (size 1 1) (thickness 0.15)))
    )
    (fp_text value 0.1u (at 0 1.65 90) (layer F.Fab)
      (effects (font (size 1 1) (thickness 0.15)))
    )
    (fp_line (start -1 0.6) (end -1 -0.6) (layer F.Fab) (width 0.1))
    (fp_line (start -1 -0.6) (end 1 -0.6) (layer F.Fab) (width 0.1))
    (fp_line (start 1 -0.6) (end 1 0.6) (layer F.Fab) (width 0.1))
    (fp_line (start 1 0.6) (end -1 0.6) (layer F.Fab) (width 0.1))
    (fp_line (start -0.261252 -0.71) (end 0.261252 -0.71) (layer F.SilkS) (width 0.12))
    (fp_line (start -0.261252 0.71) (end 0.261252 0.71) (layer F.SilkS) (width 0.12))
    (fp_line (start -1.85 0.95) (end -1.85 -0.95) (layer F.CrtYd) (width 0.05))
    (fp_line (start -1.85 -0.95) (end 1.85 -0.95) (layer F.CrtYd) (width 0.05))
    (fp_line (start 1.85 -0.95) (end 1.85 0.95) (layer F.CrtYd) (width 0.05))
    (fp_line (start 1.85 0.95) (end -1.85 0.95) (layer F.CrtYd) (width 0.05))
    (fp_text user %R (at 0 0 90) (layer F.Fab)
      (effects (font (size 0.5 0.5) (thickness 0.08)))
    )
    (pad 1 smd roundrect (at -1.025 0 90) (size 1.15 1.4) (layers F.Cu F.Paste F.Mask) (roundrect_rratio 0.217391)
      (net 3 VDD))
    (pad 2 smd roundrect (at 1.025 0 90) (size 1.15 1.4) (layers F.Cu F.Paste F.Mask) (roundrect_rratio 0.217391)
      (net 4 Ctrl_One))
    (model ${KISYS3DMOD}/Capacitor_SMD.3dshapes/C_0805_2012Metric.wrl
      (at (xyz 0 0 0))
      (scale (xyz 1 1 1))
      (rotate (xyz 0 0 0))
    )
  )

  (module Capacitor_SMD:C_0805_2012Metric_Pad1.15x1.40mm_HandSolder (layer F.Cu) (tedit 5B36C52B) (tstamp 5C5282FA)
    (at 172.49 98.749 90)
    (descr "Capacitor SMD 0805 (2012 Metric), square (rectangular) end terminal, IPC_7351 nominal with elongated pad for handsoldering. (Body size source: https://docs.google.com/spreadsheets/d/1BsfQQcO9C6DZCsRaXUlFlo91Tg2WpOkGARC1WS5S8t0/edit?usp=sharing), generated with kicad-footprint-generator")
    (tags "capacitor handsolder")
    (path /5C211C11)
    (attr smd)
    (fp_text reference C9 (at 0 -1.65 90) (layer F.SilkS)
      (effects (font (size 1 1) (thickness 0.15)))
    )
    (fp_text value 0.1u (at 0 1.65 90) (layer F.Fab)
      (effects (font (size 1 1) (thickness 0.15)))
    )
    (fp_text user %R (at 0 0 90) (layer F.Fab)
      (effects (font (size 0.5 0.5) (thickness 0.08)))
    )
    (fp_line (start 1.85 0.95) (end -1.85 0.95) (layer F.CrtYd) (width 0.05))
    (fp_line (start 1.85 -0.95) (end 1.85 0.95) (layer F.CrtYd) (width 0.05))
    (fp_line (start -1.85 -0.95) (end 1.85 -0.95) (layer F.CrtYd) (width 0.05))
    (fp_line (start -1.85 0.95) (end -1.85 -0.95) (layer F.CrtYd) (width 0.05))
    (fp_line (start -0.261252 0.71) (end 0.261252 0.71) (layer F.SilkS) (width 0.12))
    (fp_line (start -0.261252 -0.71) (end 0.261252 -0.71) (layer F.SilkS) (width 0.12))
    (fp_line (start 1 0.6) (end -1 0.6) (layer F.Fab) (width 0.1))
    (fp_line (start 1 -0.6) (end 1 0.6) (layer F.Fab) (width 0.1))
    (fp_line (start -1 -0.6) (end 1 -0.6) (layer F.Fab) (width 0.1))
    (fp_line (start -1 0.6) (end -1 -0.6) (layer F.Fab) (width 0.1))
    (pad 2 smd roundrect (at 1.025 0 90) (size 1.15 1.4) (layers F.Cu F.Paste F.Mask) (roundrect_rratio 0.217391)
      (net 5 Ctrl_Ten))
    (pad 1 smd roundrect (at -1.025 0 90) (size 1.15 1.4) (layers F.Cu F.Paste F.Mask) (roundrect_rratio 0.217391)
      (net 3 VDD))
    (model ${KISYS3DMOD}/Capacitor_SMD.3dshapes/C_0805_2012Metric.wrl
      (at (xyz 0 0 0))
      (scale (xyz 1 1 1))
      (rotate (xyz 0 0 0))
    )
  )

  (module Resistor_SMD:R_0805_2012Metric_Pad1.15x1.40mm_HandSolder (layer F.Cu) (tedit 5B36C52B) (tstamp 5C52826A)
    (at 155.448 100.838 270)
    (descr "Resistor SMD 0805 (2012 Metric), square (rectangular) end terminal, IPC_7351 nominal with elongated pad for handsoldering. (Body size source: https://docs.google.com/spreadsheets/d/1BsfQQcO9C6DZCsRaXUlFlo91Tg2WpOkGARC1WS5S8t0/edit?usp=sharing), generated with kicad-footprint-generator")
    (tags "resistor handsolder")
    (path /5C206A14)
    (attr smd)
    (fp_text reference R1 (at 0 -1.65 270) (layer F.SilkS)
      (effects (font (size 1 1) (thickness 0.15)))
    )
    (fp_text value 470 (at 0 1.65 270) (layer F.Fab)
      (effects (font (size 1 1) (thickness 0.15)))
    )
    (fp_text user %R (at 0 0 270) (layer F.Fab)
      (effects (font (size 0.5 0.5) (thickness 0.08)))
    )
    (fp_line (start 1.85 0.95) (end -1.85 0.95) (layer F.CrtYd) (width 0.05))
    (fp_line (start 1.85 -0.95) (end 1.85 0.95) (layer F.CrtYd) (width 0.05))
    (fp_line (start -1.85 -0.95) (end 1.85 -0.95) (layer F.CrtYd) (width 0.05))
    (fp_line (start -1.85 0.95) (end -1.85 -0.95) (layer F.CrtYd) (width 0.05))
    (fp_line (start -0.261252 0.71) (end 0.261252 0.71) (layer F.SilkS) (width 0.12))
    (fp_line (start -0.261252 -0.71) (end 0.261252 -0.71) (layer F.SilkS) (width 0.12))
    (fp_line (start 1 0.6) (end -1 0.6) (layer F.Fab) (width 0.1))
    (fp_line (start 1 -0.6) (end 1 0.6) (layer F.Fab) (width 0.1))
    (fp_line (start -1 -0.6) (end 1 -0.6) (layer F.Fab) (width 0.1))
    (fp_line (start -1 0.6) (end -1 -0.6) (layer F.Fab) (width 0.1))
    (pad 2 smd roundrect (at 1.025 0 270) (size 1.15 1.4) (layers F.Cu F.Paste F.Mask) (roundrect_rratio 0.217391)
      (net 9 Buzzer))
    (pad 1 smd roundrect (at -1.025 0 270) (size 1.15 1.4) (layers F.Cu F.Paste F.Mask) (roundrect_rratio 0.217391)
      (net 2 "Net-(BZ1-Pad1)"))
    (model ${KISYS3DMOD}/Resistor_SMD.3dshapes/R_0805_2012Metric.wrl
      (at (xyz 0 0 0))
      (scale (xyz 1 1 1))
      (rotate (xyz 0 0 0))
    )
  )

  (module Resistor_SMD:R_0805_2012Metric_Pad1.15x1.40mm_HandSolder (layer F.Cu) (tedit 5B36C52B) (tstamp 5C603AF7)
    (at 164.592 127.508 270)
    (descr "Resistor SMD 0805 (2012 Metric), square (rectangular) end terminal, IPC_7351 nominal with elongated pad for handsoldering. (Body size source: https://docs.google.com/spreadsheets/d/1BsfQQcO9C6DZCsRaXUlFlo91Tg2WpOkGARC1WS5S8t0/edit?usp=sharing), generated with kicad-footprint-generator")
    (tags "resistor handsolder")
    (path /5C4250E3)
    (attr smd)
    (fp_text reference R2 (at 0 -1.65 270) (layer F.SilkS)
      (effects (font (size 1 1) (thickness 0.15)))
    )
    (fp_text value 1M (at 0 1.65 270) (layer F.Fab)
      (effects (font (size 1 1) (thickness 0.15)))
    )
    (fp_line (start -1 0.6) (end -1 -0.6) (layer F.Fab) (width 0.1))
    (fp_line (start -1 -0.6) (end 1 -0.6) (layer F.Fab) (width 0.1))
    (fp_line (start 1 -0.6) (end 1 0.6) (layer F.Fab) (width 0.1))
    (fp_line (start 1 0.6) (end -1 0.6) (layer F.Fab) (width 0.1))
    (fp_line (start -0.261252 -0.71) (end 0.261252 -0.71) (layer F.SilkS) (width 0.12))
    (fp_line (start -0.261252 0.71) (end 0.261252 0.71) (layer F.SilkS) (width 0.12))
    (fp_line (start -1.85 0.95) (end -1.85 -0.95) (layer F.CrtYd) (width 0.05))
    (fp_line (start -1.85 -0.95) (end 1.85 -0.95) (layer F.CrtYd) (width 0.05))
    (fp_line (start 1.85 -0.95) (end 1.85 0.95) (layer F.CrtYd) (width 0.05))
    (fp_line (start 1.85 0.95) (end -1.85 0.95) (layer F.CrtYd) (width 0.05))
    (fp_text user %R (at 0 0 270) (layer F.Fab)
      (effects (font (size 0.5 0.5) (thickness 0.08)))
    )
    (pad 1 smd roundrect (at -1.025 0 270) (size 1.15 1.4) (layers F.Cu F.Paste F.Mask) (roundrect_rratio 0.217391)
      (net 10 BOOT0))
    (pad 2 smd roundrect (at 1.025 0 270) (size 1.15 1.4) (layers F.Cu F.Paste F.Mask) (roundrect_rratio 0.217391)
      (net 1 GND))
    (model ${KISYS3DMOD}/Resistor_SMD.3dshapes/R_0805_2012Metric.wrl
      (at (xyz 0 0 0))
      (scale (xyz 1 1 1))
      (rotate (xyz 0 0 0))
    )
  )

  (module Package_SO:TSSOP-20_4.4x6.5mm_P0.65mm (layer F.Cu) (tedit 5C4785F2) (tstamp 5C478EF3)
    (at 160.205 107.05 180)
    (descr "20-Lead Plastic Thin Shrink Small Outline (ST)-4.4 mm Body [TSSOP] (see Microchip Packaging Specification 00000049BS.pdf)")
    (tags "SSOP 0.65")
    (path /5C1E98D0)
    (attr smd)
    (fp_text reference U1 (at 0 -4.3 180) (layer F.SilkS)
      (effects (font (size 1 1) (thickness 0.15)))
    )
    (fp_text value STM32F042F4Px (at 0 4.3 180) (layer F.Fab)
      (effects (font (size 1 1) (thickness 0.15)))
    )
    (fp_line (start -1.2 -3.25) (end 2.2 -3.25) (layer F.Fab) (width 0.15))
    (fp_line (start 2.2 -3.25) (end 2.2 3.25) (layer F.Fab) (width 0.15))
    (fp_line (start 2.2 3.25) (end -2.2 3.25) (layer F.Fab) (width 0.15))
    (fp_line (start -2.2 3.25) (end -2.2 -2.25) (layer F.Fab) (width 0.15))
    (fp_line (start -2.2 -2.25) (end -1.2 -3.25) (layer F.Fab) (width 0.15))
    (fp_line (start -3.95 -3.55) (end -3.95 3.55) (layer F.CrtYd) (width 0.05))
    (fp_line (start 3.95 -3.55) (end 3.95 3.55) (layer F.CrtYd) (width 0.05))
    (fp_line (start -3.95 -3.55) (end 3.95 -3.55) (layer F.CrtYd) (width 0.05))
    (fp_line (start -3.95 3.55) (end 3.95 3.55) (layer F.CrtYd) (width 0.05))
    (fp_line (start -2.225 3.45) (end 2.225 3.45) (layer F.SilkS) (width 0.15))
    (fp_line (start -3.75 -3.45) (end 2.225 -3.45) (layer F.SilkS) (width 0.15))
    (fp_text user %R (at 0 0 180) (layer F.Fab)
      (effects (font (size 0.8 0.8) (thickness 0.15)))
    )
    (pad 1 smd rect (at -2.95 -2.925 180) (size 1.45 0.45) (layers F.Cu F.Paste F.Mask)
      (net 10 BOOT0))
    (pad 2 smd rect (at -2.95 -2.275 180) (size 1.45 0.45) (layers F.Cu F.Paste F.Mask)
      (net 22 SDA))
    (pad 3 smd rect (at -2.95 -1.625 180) (size 1.45 0.45) (layers F.Cu F.Paste F.Mask)
      (net 23 SCL))
    (pad 4 smd rect (at -2.95 -0.975 180) (size 1.45 0.45) (layers F.Cu F.Paste F.Mask)
      (net 19 NRST))
    (pad 5 smd rect (at -2.95 -0.325 180) (size 1.45 0.45) (layers F.Cu F.Paste F.Mask)
      (net 3 VDD))
    (pad 6 smd rect (at -2.95 0.325 180) (size 1.45 0.45) (layers F.Cu F.Paste F.Mask)
      (net 4 Ctrl_One))
    (pad 7 smd rect (at -2.95 0.975 180) (size 1.45 0.45) (layers F.Cu F.Paste F.Mask)
      (net 11 "Net-(U1-Pad7)"))
    (pad 8 smd rect (at -2.95 1.625 180) (size 1.45 0.45) (layers F.Cu F.Paste F.Mask)
      (net 5 Ctrl_Ten))
    (pad 9 smd rect (at -2.95 2.275 180) (size 1.45 0.45) (layers F.Cu F.Paste F.Mask)
      (net 12 "Net-(U1-Pad9)"))
    (pad 10 smd rect (at -2.95 2.925 180) (size 1.45 0.45) (layers F.Cu F.Paste F.Mask)
      (net 13 "Net-(U1-Pad10)"))
    (pad 11 smd rect (at 2.95 2.925 180) (size 1.45 0.45) (layers F.Cu F.Paste F.Mask)
      (net 18 "Net-(U1-Pad11)"))
    (pad 12 smd rect (at 2.95 2.275 180) (size 1.45 0.45) (layers F.Cu F.Paste F.Mask)
      (net 17 "Net-(U1-Pad12)"))
    (pad 13 smd rect (at 2.95 1.625 180) (size 1.45 0.45) (layers F.Cu F.Paste F.Mask)
      (net 9 Buzzer))
    (pad 14 smd rect (at 2.95 0.975 180) (size 1.45 0.45) (layers F.Cu F.Paste F.Mask)
      (net 14 "Net-(U1-Pad14)"))
    (pad 15 smd rect (at 2.95 0.325 180) (size 1.45 0.45) (layers F.Cu F.Paste F.Mask)
      (net 1 GND))
    (pad 16 smd rect (at 2.95 -0.325 180) (size 1.45 0.45) (layers F.Cu F.Paste F.Mask)
      (net 3 VDD))
    (pad 17 smd rect (at 2.95 -0.975 180) (size 1.45 0.45) (layers F.Cu F.Paste F.Mask)
      (net 6 USB_D-))
    (pad 18 smd rect (at 2.95 -1.625 180) (size 1.45 0.45) (layers F.Cu F.Paste F.Mask)
      (net 8 USB_D+))
    (pad 19 smd rect (at 2.95 -2.275 180) (size 1.45 0.45) (layers F.Cu F.Paste F.Mask)
      (net 20 SWDIO))
    (pad 20 smd rect (at 2.95 -2.925 180) (size 1.45 0.45) (layers F.Cu F.Paste F.Mask)
      (net 21 SWCLK))
    (model ${KISYS3DMOD}/Package_SO.3dshapes/TSSOP-20_4.4x6.5mm_P0.65mm.wrl
      (at (xyz 0 0 0))
      (scale (xyz 1 1 1))
      (rotate (xyz 0 0 0))
    )
  )

  (module Package_TO_SOT_SMD:SOT-23 (layer F.Cu) (tedit 5A02FF57) (tstamp 5C4C474E)
    (at 132.43 107.02)
    (descr "SOT-23, Standard")
    (tags SOT-23)
    (path /5C22D4D9)
    (attr smd)
    (fp_text reference D1 (at 0 -2.5) (layer F.SilkS)
      (effects (font (size 1 1) (thickness 0.15)))
    )
    (fp_text value BAT54C (at 0 2.5) (layer F.Fab)
      (effects (font (size 1 1) (thickness 0.15)))
    )
    (fp_text user %R (at 0 0 90) (layer F.Fab)
      (effects (font (size 0.5 0.5) (thickness 0.075)))
    )
    (fp_line (start -0.7 -0.95) (end -0.7 1.5) (layer F.Fab) (width 0.1))
    (fp_line (start -0.15 -1.52) (end 0.7 -1.52) (layer F.Fab) (width 0.1))
    (fp_line (start -0.7 -0.95) (end -0.15 -1.52) (layer F.Fab) (width 0.1))
    (fp_line (start 0.7 -1.52) (end 0.7 1.52) (layer F.Fab) (width 0.1))
    (fp_line (start -0.7 1.52) (end 0.7 1.52) (layer F.Fab) (width 0.1))
    (fp_line (start 0.76 1.58) (end 0.76 0.65) (layer F.SilkS) (width 0.12))
    (fp_line (start 0.76 -1.58) (end 0.76 -0.65) (layer F.SilkS) (width 0.12))
    (fp_line (start -1.7 -1.75) (end 1.7 -1.75) (layer F.CrtYd) (width 0.05))
    (fp_line (start 1.7 -1.75) (end 1.7 1.75) (layer F.CrtYd) (width 0.05))
    (fp_line (start 1.7 1.75) (end -1.7 1.75) (layer F.CrtYd) (width 0.05))
    (fp_line (start -1.7 1.75) (end -1.7 -1.75) (layer F.CrtYd) (width 0.05))
    (fp_line (start 0.76 -1.58) (end -1.4 -1.58) (layer F.SilkS) (width 0.12))
    (fp_line (start 0.76 1.58) (end -0.7 1.58) (layer F.SilkS) (width 0.12))
    (pad 1 smd rect (at -1 -0.95) (size 0.9 0.8) (layers F.Cu F.Paste F.Mask)
      (net 24 "Net-(D1-Pad1)"))
    (pad 2 smd rect (at -1 0.95) (size 0.9 0.8) (layers F.Cu F.Paste F.Mask)
      (net 15 "Net-(BT1-Pad1)"))
    (pad 3 smd rect (at 1 0) (size 0.9 0.8) (layers F.Cu F.Paste F.Mask)
      (net 3 VDD))
    (model ${KISYS3DMOD}/Package_TO_SOT_SMD.3dshapes/SOT-23.wrl
      (at (xyz 0 0 0))
      (scale (xyz 1 1 1))
      (rotate (xyz 0 0 0))
    )
  )

  (module Buzzer_Murata_PKMCS0909E4000-R1:Buzzer_Murata_PKMCS0909E4000-R1 (layer F.Cu) (tedit 5A030281) (tstamp 5C47B2C7)
    (at 151.13 93.595 180)
    (descr "Murata Buzzer http://www.murata.com/en-us/api/pdfdownloadapi?cate=&partno=PKMCS0909E4000-R1")
    (tags "Murata Buzzer Beeper")
    (path /5C206E6D)
    (attr smd)
    (fp_text reference BZ1 (at 0 -5.5 180) (layer F.SilkS)
      (effects (font (size 1 1) (thickness 0.15)))
    )
    (fp_text value Buzzer (at 0 5.5 180) (layer F.Fab)
      (effects (font (size 1 1) (thickness 0.15)))
    )
    (fp_line (start 5.25 1.95) (end 5.25 -1.95) (layer F.CrtYd) (width 0.05))
    (fp_line (start 4.75 1.95) (end 5.25 1.95) (layer F.CrtYd) (width 0.05))
    (fp_text user %R (at 0 0 180) (layer F.Fab)
      (effects (font (size 1 1) (thickness 0.15)))
    )
    (fp_line (start -4.5 -3.5) (end -3.5 -4.5) (layer F.Fab) (width 0.1))
    (fp_line (start -4.61 -1.96) (end -4.94 -1.96) (layer F.SilkS) (width 0.12))
    (fp_line (start -4.61 4.61) (end -4.61 1.96) (layer F.SilkS) (width 0.12))
    (fp_line (start 4.61 4.61) (end -4.61 4.61) (layer F.SilkS) (width 0.12))
    (fp_line (start 4.61 1.96) (end 4.61 4.61) (layer F.SilkS) (width 0.12))
    (fp_line (start 4.61 -4.61) (end 4.61 -1.96) (layer F.SilkS) (width 0.12))
    (fp_line (start -4.61 -4.61) (end 4.61 -4.61) (layer F.SilkS) (width 0.12))
    (fp_line (start -4.61 -1.96) (end -4.61 -4.61) (layer F.SilkS) (width 0.12))
    (fp_line (start 4.75 4.75) (end -4.75 4.75) (layer F.CrtYd) (width 0.05))
    (fp_line (start -4.75 -4.75) (end 4.75 -4.75) (layer F.CrtYd) (width 0.05))
    (fp_line (start 4.5 4.5) (end -4.5 4.5) (layer F.Fab) (width 0.1))
    (fp_line (start 4.5 -4.5) (end 4.5 4.5) (layer F.Fab) (width 0.1))
    (fp_line (start -3.5 -4.5) (end 4.5 -4.5) (layer F.Fab) (width 0.1))
    (fp_line (start 4.75 4.75) (end 4.75 1.95) (layer F.CrtYd) (width 0.05))
    (fp_line (start -4.5 4.5) (end -4.5 -3.5) (layer F.Fab) (width 0.1))
    (fp_line (start 4.75 -1.95) (end 4.75 -4.75) (layer F.CrtYd) (width 0.05))
    (fp_line (start 4.75 -1.95) (end 5.25 -1.95) (layer F.CrtYd) (width 0.05))
    (fp_line (start -4.75 -1.95) (end -4.75 -4.75) (layer F.CrtYd) (width 0.05))
    (fp_line (start -4.75 -1.95) (end -5.25 -1.95) (layer F.CrtYd) (width 0.05))
    (fp_line (start -5.25 1.95) (end -5.25 -1.95) (layer F.CrtYd) (width 0.05))
    (fp_line (start -4.75 1.95) (end -5.25 1.95) (layer F.CrtYd) (width 0.05))
    (fp_line (start -4.75 4.75) (end -4.75 1.95) (layer F.CrtYd) (width 0.05))
    (pad 1 smd rect (at -4.35 0 180) (size 1.3 3.4) (layers F.Cu F.Paste F.Mask)
      (net 2 "Net-(BZ1-Pad1)"))
    (pad 2 smd rect (at 4.35 0 180) (size 1.3 3.4) (layers F.Cu F.Paste F.Mask)
      (net 1 GND))
    (model ${KIPRJMOD}/libs/Buzzer_Murata_PKMCS0909E4000-R1.step
      (at (xyz 0 0 0))
      (scale (xyz 1 1 1))
      (rotate (xyz -90 0 0))
    )
  )

  (module tl3342:tl3342 (layer F.Cu) (tedit 59F2418F) (tstamp 5C603BF7)
    (at 171.244 122.605 270)
    (descr "Low-profile SMD Tactile Switch, https://www.e-switch.com/system/asset/product_line/data_sheet/165/TL3342.pdf")
    (tags "SPST Tactile Switch")
    (path /5C1EFD70)
    (attr smd)
    (fp_text reference SW3 (at 0 -3.75 270) (layer F.SilkS)
      (effects (font (size 1 1) (thickness 0.15)))
    )
    (fp_text value Reset_Btn (at 0 3.75 270) (layer F.Fab)
      (effects (font (size 1 1) (thickness 0.15)))
    )
    (fp_text user %R (at 0 -3.75 270) (layer F.Fab)
      (effects (font (size 1 1) (thickness 0.15)))
    )
    (fp_line (start 3.2 2.1) (end 3.2 1.6) (layer F.Fab) (width 0.1))
    (fp_line (start 3.2 -2.1) (end 3.2 -1.6) (layer F.Fab) (width 0.1))
    (fp_line (start -3.2 2.1) (end -3.2 1.6) (layer F.Fab) (width 0.1))
    (fp_line (start -3.2 -2.1) (end -3.2 -1.6) (layer F.Fab) (width 0.1))
    (fp_line (start 2.7 -2.1) (end 2.7 -1.6) (layer F.Fab) (width 0.1))
    (fp_line (start 1.7 -2.1) (end 3.2 -2.1) (layer F.Fab) (width 0.1))
    (fp_line (start 3.2 -1.6) (end 2.2 -1.6) (layer F.Fab) (width 0.1))
    (fp_line (start -2.7 -2.1) (end -2.7 -1.6) (layer F.Fab) (width 0.1))
    (fp_line (start -1.7 -2.1) (end -3.2 -2.1) (layer F.Fab) (width 0.1))
    (fp_line (start -3.2 -1.6) (end -2.2 -1.6) (layer F.Fab) (width 0.1))
    (fp_line (start -2.7 2.1) (end -2.7 1.6) (layer F.Fab) (width 0.1))
    (fp_line (start -3.2 1.6) (end -2.2 1.6) (layer F.Fab) (width 0.1))
    (fp_line (start -1.7 2.1) (end -3.2 2.1) (layer F.Fab) (width 0.1))
    (fp_line (start 1.7 2.1) (end 3.2 2.1) (layer F.Fab) (width 0.1))
    (fp_line (start 2.7 2.1) (end 2.7 1.6) (layer F.Fab) (width 0.1))
    (fp_line (start 3.2 1.6) (end 2.2 1.6) (layer F.Fab) (width 0.1))
    (fp_line (start -1.7 2.3) (end -1.25 2.75) (layer F.SilkS) (width 0.12))
    (fp_line (start 1.7 2.3) (end 1.25 2.75) (layer F.SilkS) (width 0.12))
    (fp_line (start 1.7 -2.3) (end 1.25 -2.75) (layer F.SilkS) (width 0.12))
    (fp_line (start -1.7 -2.3) (end -1.25 -2.75) (layer F.SilkS) (width 0.12))
    (fp_line (start -2 -1) (end -1 -2) (layer F.Fab) (width 0.1))
    (fp_line (start -1 -2) (end 1 -2) (layer F.Fab) (width 0.1))
    (fp_line (start 1 -2) (end 2 -1) (layer F.Fab) (width 0.1))
    (fp_line (start 2 -1) (end 2 1) (layer F.Fab) (width 0.1))
    (fp_line (start 2 1) (end 1 2) (layer F.Fab) (width 0.1))
    (fp_line (start 1 2) (end -1 2) (layer F.Fab) (width 0.1))
    (fp_line (start -1 2) (end -2 1) (layer F.Fab) (width 0.1))
    (fp_line (start -2 1) (end -2 -1) (layer F.Fab) (width 0.1))
    (fp_line (start 2.75 -1) (end 2.75 1) (layer F.SilkS) (width 0.12))
    (fp_line (start -1.25 2.75) (end 1.25 2.75) (layer F.SilkS) (width 0.12))
    (fp_line (start -2.75 -1) (end -2.75 1) (layer F.SilkS) (width 0.12))
    (fp_line (start -1.25 -2.75) (end 1.25 -2.75) (layer F.SilkS) (width 0.12))
    (fp_line (start -2.6 -1.2) (end -2.6 1.2) (layer F.Fab) (width 0.1))
    (fp_line (start -2.6 1.2) (end -1.2 2.6) (layer F.Fab) (width 0.1))
    (fp_line (start -1.2 2.6) (end 1.2 2.6) (layer F.Fab) (width 0.1))
    (fp_line (start 1.2 2.6) (end 2.6 1.2) (layer F.Fab) (width 0.1))
    (fp_line (start 2.6 1.2) (end 2.6 -1.2) (layer F.Fab) (width 0.1))
    (fp_line (start 2.6 -1.2) (end 1.2 -2.6) (layer F.Fab) (width 0.1))
    (fp_line (start 1.2 -2.6) (end -1.2 -2.6) (layer F.Fab) (width 0.1))
    (fp_line (start -1.2 -2.6) (end -2.6 -1.2) (layer F.Fab) (width 0.1))
    (fp_line (start -3.8 -3) (end 3.8 -3) (layer F.CrtYd) (width 0.05))
    (fp_line (start 3.8 -3) (end 3.8 3) (layer F.CrtYd) (width 0.05))
    (fp_line (start 3.8 3) (end -3.8 3) (layer F.CrtYd) (width 0.05))
    (fp_line (start -3.8 3) (end -3.8 -3) (layer F.CrtYd) (width 0.05))
    (fp_circle (center 0 0) (end 1 0) (layer F.Fab) (width 0.1))
    (pad 1 smd rect (at -3.15 -1.9 270) (size 0.85 1) (layers F.Cu F.Paste F.Mask)
      (net 19 NRST))
    (pad 1 smd rect (at 3.15 -1.9 270) (size 0.85 1) (layers F.Cu F.Paste F.Mask)
      (net 19 NRST))
    (pad 2 smd rect (at -3.15 1.9 270) (size 0.85 1) (layers F.Cu F.Paste F.Mask)
      (net 1 GND))
    (pad 2 smd rect (at 3.15 1.9 270) (size 0.85 1) (layers F.Cu F.Paste F.Mask)
      (net 1 GND))
    (model ${KIPRJMOD}/libs/tl3342.step
      (at (xyz 0 0 0))
      (scale (xyz 1 1 1))
      (rotate (xyz 0 0 0))
    )
  )

  (module tl3342:tl3342 (layer F.Cu) (tedit 59F2418F) (tstamp 5C4BBAF0)
    (at 177.69 98.724)
    (descr "Low-profile SMD Tactile Switch, https://www.e-switch.com/system/asset/product_line/data_sheet/165/TL3342.pdf")
    (tags "SPST Tactile Switch")
    (path /5C211C0A)
    (attr smd)
    (fp_text reference SW4 (at 0 -3.75) (layer F.SilkS)
      (effects (font (size 1 1) (thickness 0.15)))
    )
    (fp_text value Ctrl_Ten_Btn (at 0 3.75) (layer F.Fab)
      (effects (font (size 1 1) (thickness 0.15)))
    )
    (fp_circle (center 0 0) (end 1 0) (layer F.Fab) (width 0.1))
    (fp_line (start -3.8 3) (end -3.8 -3) (layer F.CrtYd) (width 0.05))
    (fp_line (start 3.8 3) (end -3.8 3) (layer F.CrtYd) (width 0.05))
    (fp_line (start 3.8 -3) (end 3.8 3) (layer F.CrtYd) (width 0.05))
    (fp_line (start -3.8 -3) (end 3.8 -3) (layer F.CrtYd) (width 0.05))
    (fp_line (start -1.2 -2.6) (end -2.6 -1.2) (layer F.Fab) (width 0.1))
    (fp_line (start 1.2 -2.6) (end -1.2 -2.6) (layer F.Fab) (width 0.1))
    (fp_line (start 2.6 -1.2) (end 1.2 -2.6) (layer F.Fab) (width 0.1))
    (fp_line (start 2.6 1.2) (end 2.6 -1.2) (layer F.Fab) (width 0.1))
    (fp_line (start 1.2 2.6) (end 2.6 1.2) (layer F.Fab) (width 0.1))
    (fp_line (start -1.2 2.6) (end 1.2 2.6) (layer F.Fab) (width 0.1))
    (fp_line (start -2.6 1.2) (end -1.2 2.6) (layer F.Fab) (width 0.1))
    (fp_line (start -2.6 -1.2) (end -2.6 1.2) (layer F.Fab) (width 0.1))
    (fp_line (start -1.25 -2.75) (end 1.25 -2.75) (layer F.SilkS) (width 0.12))
    (fp_line (start -2.75 -1) (end -2.75 1) (layer F.SilkS) (width 0.12))
    (fp_line (start -1.25 2.75) (end 1.25 2.75) (layer F.SilkS) (width 0.12))
    (fp_line (start 2.75 -1) (end 2.75 1) (layer F.SilkS) (width 0.12))
    (fp_line (start -2 1) (end -2 -1) (layer F.Fab) (width 0.1))
    (fp_line (start -1 2) (end -2 1) (layer F.Fab) (width 0.1))
    (fp_line (start 1 2) (end -1 2) (layer F.Fab) (width 0.1))
    (fp_line (start 2 1) (end 1 2) (layer F.Fab) (width 0.1))
    (fp_line (start 2 -1) (end 2 1) (layer F.Fab) (width 0.1))
    (fp_line (start 1 -2) (end 2 -1) (layer F.Fab) (width 0.1))
    (fp_line (start -1 -2) (end 1 -2) (layer F.Fab) (width 0.1))
    (fp_line (start -2 -1) (end -1 -2) (layer F.Fab) (width 0.1))
