(kicad_pcb (version 20171130) (host pcbnew 5.1.2)

  (general
    (thickness 1.6)
    (drawings 8)
    (tracks 165)
    (zones 0)
    (modules 23)
    (nets 25)
  )

  (page A4)
  (layers
    (0 F.Cu signal)
    (31 B.Cu signal)
    (32 B.Adhes user hide)
    (33 F.Adhes user hide)
    (34 B.Paste user hide)
    (35 F.Paste user hide)
    (36 B.SilkS user hide)
    (37 F.SilkS user)
    (38 B.Mask user hide)
    (39 F.Mask user hide)
    (40 Dwgs.User user hide)
    (41 Cmts.User user hide)
    (42 Eco1.User user)
    (43 Eco2.User user hide)
    (44 Edge.Cuts user)
    (45 Margin user hide)
    (46 B.CrtYd user hide)
    (47 F.CrtYd user)
    (48 B.Fab user hide)
    (49 F.Fab user hide)
  )

  (setup
    (last_trace_width 0.25)
    (user_trace_width 0.4064)
    (user_trace_width 0.4572)
    (user_trace_width 0.508)
    (user_trace_width 0.635)
    (user_trace_width 0.762)
    (user_trace_width 1.524)
    (trace_clearance 0.2)
    (zone_clearance 0.5)
    (zone_45_only no)
    (trace_min 0.25)
    (via_size 0.8)
    (via_drill 0.4)
    (via_min_size 0.4)
    (via_min_drill 0.3)
    (user_via 1.4 0.9)
    (uvia_size 0.3)
    (uvia_drill 0.1)
    (uvias_allowed no)
    (uvia_min_size 0.2)
    (uvia_min_drill 0.1)
    (edge_width 0.15)
    (segment_width 0.2)
    (pcb_text_width 0.3)
    (pcb_text_size 1.5 1.5)
    (mod_edge_width 0.15)
    (mod_text_size 1 1)
    (mod_text_width 0.15)
    (pad_size 10 10)
    (pad_drill 0)
    (pad_to_mask_clearance 0.051)
    (solder_mask_min_width 0.25)
    (aux_axis_origin 166.39 132.94)
    (grid_origin 166.39 132.94)
    (visible_elements FFFFFF7F)
    (pcbplotparams
      (layerselection 0x01000_7fffffff)
      (usegerberextensions false)
      (usegerberattributes false)
      (usegerberadvancedattributes false)
      (creategerberjobfile false)
      (excludeedgelayer false)
      (linewidth 0.100000)
      (plotframeref false)
      (viasonmask false)
      (mode 1)
      (useauxorigin false)
      (hpglpennumber 1)
      (hpglpenspeed 20)
      (hpglpendiameter 15.000000)
      (psnegative false)
      (psa4output false)
      (plotreference false)
      (plotvalue false)
      (plotinvisibletext false)
      (padsonsilk true)
      (subtractmaskfromsilk false)
      (outputformat 1)
      (mirror false)
      (drillshape 0)
      (scaleselection 1)
      (outputdirectory "cnc/"))
  )

  (net 0 "")
  (net 1 GND)
  (net 2 "Net-(BZ1-Pad1)")
  (net 3 VDD)
  (net 4 Ctrl_One)
  (net 5 Ctrl_Ten)
  (net 6 USB_D-)
  (net 7 "Net-(J1-Pad4)")
  (net 8 USB_D+)
  (net 9 Buzzer)
  (net 10 BOOT0)
  (net 11 "Net-(U1-Pad7)")
  (net 12 "Net-(U1-Pad9)")
  (net 13 "Net-(U1-Pad10)")
  (net 14 "Net-(U1-Pad14)")
  (net 15 "Net-(BT1-Pad1)")
  (net 16 USB_VBUS)
  (net 17 "Net-(U1-Pad12)")
  (net 18 "Net-(U1-Pad11)")
  (net 19 NRST)
  (net 20 SWDIO)
  (net 21 SWCLK)
  (net 22 SDA)
  (net 23 SCL)
  (net 24 "Net-(C4-Pad1)")

  (net_class Default "This is the default net class."
    (clearance 0.2)
    (trace_width 0.25)
    (via_dia 0.8)
    (via_drill 0.4)
    (uvia_dia 0.3)
    (uvia_drill 0.1)
    (diff_pair_width 0.25)
    (diff_pair_gap 0.25)
    (add_net BOOT0)
    (add_net Buzzer)
    (add_net Ctrl_One)
    (add_net Ctrl_Ten)
    (add_net GND)
    (add_net NRST)
    (add_net "Net-(BT1-Pad1)")
    (add_net "Net-(BZ1-Pad1)")
    (add_net "Net-(C4-Pad1)")
    (add_net "Net-(J1-Pad4)")
    (add_net "Net-(U1-Pad10)")
    (add_net "Net-(U1-Pad11)")
    (add_net "Net-(U1-Pad12)")
    (add_net "Net-(U1-Pad14)")
    (add_net "Net-(U1-Pad7)")
    (add_net "Net-(U1-Pad9)")
    (add_net SCL)
    (add_net SDA)
    (add_net SWCLK)
    (add_net SWDIO)
    (add_net USB_D+)
    (add_net USB_D-)
    (add_net USB_VBUS)
    (add_net VDD)
  )

  (module micro_usb:USB_Micro-B_Molex-105017-0001 (layer F.Cu) (tedit 5D06BB0D) (tstamp 5C8FCF55)
    (at 128.025 100.45 270)
    (descr http://www.molex.com/pdm_docs/sd/1050170001_sd.pdf)
    (tags "Micro-USB SMD Typ-B")
    (path /5C1E9F15)
    (attr smd)
    (fp_text reference J1 (at -2.5 -3.44) (layer F.SilkS)
      (effects (font (size 1 1) (thickness 0.15)))
    )
    (fp_text value USB_B_Micro (at -0.16 4.65 270) (layer F.Fab)
      (effects (font (size 1 1) (thickness 0.15)))
    )
    (fp_text user "PCB Edge" (at 0 2.6875 270) (layer Dwgs.User)
      (effects (font (size 0.5 0.5) (thickness 0.08)))
    )
    (fp_text user %R (at 0 0.8875 270) (layer F.Fab)
      (effects (font (size 1 1) (thickness 0.15)))
    )
    (fp_line (start -4.4 3.64) (end 4.4 3.64) (layer F.CrtYd) (width 0.05))
    (fp_line (start 4.4 -2.46) (end 4.4 3.64) (layer F.CrtYd) (width 0.05))
    (fp_line (start -4.4 -2.46) (end 4.4 -2.46) (layer F.CrtYd) (width 0.05))
    (fp_line (start -4.4 3.64) (end -4.4 -2.46) (layer F.CrtYd) (width 0.05))
    (fp_line (start -3.9 -1.7625) (end -3.45 -1.7625) (layer F.SilkS) (width 0.12))
    (fp_line (start -3.9 0.0875) (end -3.9 -1.7625) (layer F.SilkS) (width 0.12))
    (fp_line (start 3.9 2.6375) (end 3.9 2.3875) (layer F.SilkS) (width 0.12))
    (fp_line (start 3.75 3.3875) (end 3.75 -1.6125) (layer F.Fab) (width 0.1))
    (fp_line (start -3 2.689204) (end 3 2.689204) (layer F.Fab) (width 0.1))
    (fp_line (start -3.75 3.389204) (end 3.75 3.389204) (layer F.Fab) (width 0.1))
    (fp_line (start -3.75 -1.6125) (end 3.75 -1.6125) (layer F.Fab) (width 0.1))
    (fp_line (start -3.75 3.3875) (end -3.75 -1.6125) (layer F.Fab) (width 0.1))
    (fp_line (start -3.9 2.6375) (end -3.9 2.3875) (layer F.SilkS) (width 0.12))
    (fp_line (start 3.9 0.0875) (end 3.9 -1.7625) (layer F.SilkS) (width 0.12))
    (fp_line (start 3.9 -1.7625) (end 3.45 -1.7625) (layer F.SilkS) (width 0.12))
    (fp_line (start -1.7 -2.3125) (end -1.25 -2.3125) (layer F.SilkS) (width 0.12))
    (fp_line (start -1.7 -2.3125) (end -1.7 -1.8625) (layer F.SilkS) (width 0.12))
    (fp_line (start -1.3 -1.7125) (end -1.5 -1.9125) (layer F.Fab) (width 0.1))
    (fp_line (start -1.1 -1.9125) (end -1.3 -1.7125) (layer F.Fab) (width 0.1))
    (fp_line (start -1.5 -2.1225) (end -1.1 -2.1225) (layer F.Fab) (width 0.1))
    (fp_line (start -1.5 -2.1225) (end -1.5 -1.9125) (layer F.Fab) (width 0.1))
    (fp_line (start -1.1 -2.1225) (end -1.1 -1.9125) (layer F.Fab) (width 0.1))
    (pad "" smd roundrect (at -2.5 -1.4625 270) (size 1 1) (layers F.Cu F.Paste F.Mask) (roundrect_rratio 0.25))
    (pad 2 smd rect (at -0.65 -1.4625 270) (size 0.4 1.35) (layers F.Cu F.Paste F.Mask)
      (net 6 USB_D-))
    (pad 1 smd rect (at -1.3 -1.4625 270) (size 0.4 1.35) (layers F.Cu F.Paste F.Mask)
      (net 16 USB_VBUS))
    (pad 5 smd rect (at 1.3 -1.4625 270) (size 0.4 1.35) (layers F.Cu F.Paste F.Mask)
      (net 1 GND))
    (pad 4 smd rect (at 0.65 -1.4625 270) (size 0.4 1.35) (layers F.Cu F.Paste F.Mask)
      (net 7 "Net-(J1-Pad4)"))
    (pad 3 smd rect (at 0 -1.4625 270) (size 0.4 1.35) (layers F.Cu F.Paste F.Mask)
      (net 8 USB_D+))
    (pad "" smd roundrect (at 2.5 -1.4625 270) (size 1 1) (layers F.Cu F.Paste F.Mask) (roundrect_rratio 0.25))
    (pad 6 smd roundrect (at -3.5 0.525 90) (size 1.2 1.9) (layers F.Cu F.Paste F.Mask) (roundrect_rratio 0.25)
      (net 1 GND))
    (pad 6 smd roundrect (at 3.5 0.525 270) (size 1.2 1.9) (layers F.Cu F.Paste F.Mask) (roundrect_rratio 0.25)
      (net 1 GND))
    (model ${KISYS3DMOD}/Connector_USB.3dshapes/USB_Micro-B_Molex_47346-0001.step
      (at (xyz 0 0 0))
      (scale (xyz 1 1 1))
      (rotate (xyz 0 0 0))
    )
  )

  (module TestPoint:TestPoint_THTPad_2.0x2.0mm_Drill1.0mm (layer B.Cu) (tedit 5D0008A7) (tstamp 5D001E34)
    (at 149.55 109.875 180)
    (descr "THT rectangular pad as test Point, square 2.0mm_Drill1.0mm  side length, hole diameter 1.0mm")
    (tags "test point THT pad rectangle square")
    (path /5C6F9685)
    (attr virtual)
    (fp_text reference TP4 (at 0 1.998) (layer B.SilkS)
      (effects (font (size 1 1) (thickness 0.15)) (justify mirror))
    )
    (fp_text value TestPoint (at 0 -2.05) (layer B.Fab)
      (effects (font (size 1 1) (thickness 0.15)) (justify mirror))
    )
    (fp_line (start 1.5 -1.5) (end -1.5 -1.5) (layer B.CrtYd) (width 0.05))
    (fp_line (start 1.5 -1.5) (end 1.5 1.5) (layer B.CrtYd) (width 0.05))
    (fp_line (start -1.5 1.5) (end -1.5 -1.5) (layer B.CrtYd) (width 0.05))
    (fp_line (start -1.5 1.5) (end 1.5 1.5) (layer B.CrtYd) (width 0.05))
    (fp_line (start -1.2 -1.2) (end -1.2 1.2) (layer B.SilkS) (width 0.12))
    (fp_line (start 1.2 -1.2) (end -1.2 -1.2) (layer B.SilkS) (width 0.12))
    (fp_line (start 1.2 1.2) (end 1.2 -1.2) (layer B.SilkS) (width 0.12))
    (fp_line (start -1.2 1.2) (end 1.2 1.2) (layer B.SilkS) (width 0.12))
    (fp_text user SWDIO (at 3.66 0.155) (layer B.Fab)
      (effects (font (size 1 1) (thickness 0.15)) (justify mirror))
    )
    (pad 1 smd rect (at 0 0 180) (size 2 2) (layers B.Cu B.Paste B.Mask)
      (net 20 SWDIO))
  )

  (module TestPoint:TestPoint_THTPad_2.0x2.0mm_Drill1.0mm (layer B.Cu) (tedit 5D000880) (tstamp 5D001E26)
    (at 149.55 113.925 180)
    (descr "THT rectangular pad as test Point, square 2.0mm_Drill1.0mm  side length, hole diameter 1.0mm")
    (tags "test point THT pad rectangle square")
    (path /5C6F8CE1)
    (attr virtual)
    (fp_text reference TP3 (at 0 1.998) (layer B.SilkS)
      (effects (font (size 1 1) (thickness 0.15)) (justify mirror))
    )
    (fp_text value TestPoint (at 0 -2.05) (layer B.Fab)
      (effects (font (size 1 1) (thickness 0.15)) (justify mirror))
    )
    (fp_line (start 1.5 -1.5) (end -1.5 -1.5) (layer B.CrtYd) (width 0.05))
    (fp_line (start 1.5 -1.5) (end 1.5 1.5) (layer B.CrtYd) (width 0.05))
    (fp_line (start -1.5 1.5) (end -1.5 -1.5) (layer B.CrtYd) (width 0.05))
    (fp_line (start -1.5 1.5) (end 1.5 1.5) (layer B.CrtYd) (width 0.05))
    (fp_line (start -1.2 -1.2) (end -1.2 1.2) (layer B.SilkS) (width 0.12))
    (fp_line (start 1.2 -1.2) (end -1.2 -1.2) (layer B.SilkS) (width 0.12))
    (fp_line (start 1.2 1.2) (end 1.2 -1.2) (layer B.SilkS) (width 0.12))
    (fp_line (start -1.2 1.2) (end 1.2 1.2) (layer B.SilkS) (width 0.12))
    (fp_text user SWCLK (at 3.92 0.025) (layer B.Fab)
      (effects (font (size 1 1) (thickness 0.15)) (justify mirror))
    )
    (pad 1 smd rect (at 0 0 180) (size 2 2) (layers B.Cu B.Paste B.Mask)
      (net 21 SWCLK))
  )

  (module TestPoint:TestPoint_THTPad_2.0x2.0mm_Drill1.0mm (layer B.Cu) (tedit 5D00089E) (tstamp 5D001E18)
    (at 153.6 109.875 180)
    (descr "THT rectangular pad as test Point, square 2.0mm_Drill1.0mm  side length, hole diameter 1.0mm")
    (tags "test point THT pad rectangle square")
    (path /5C6F8355)
    (attr virtual)
    (fp_text reference TP2 (at 0 1.998) (layer B.SilkS)
      (effects (font (size 1 1) (thickness 0.15)) (justify mirror))
    )
    (fp_text value TestPoint (at 0 -2.05) (layer B.Fab)
      (effects (font (size 1 1) (thickness 0.15)) (justify mirror))
    )
    (fp_line (start 1.5 -1.5) (end -1.5 -1.5) (layer B.CrtYd) (width 0.05))
    (fp_line (start 1.5 -1.5) (end 1.5 1.5) (layer B.CrtYd) (width 0.05))
    (fp_line (start -1.5 1.5) (end -1.5 -1.5) (layer B.CrtYd) (width 0.05))
    (fp_line (start -1.5 1.5) (end 1.5 1.5) (layer B.CrtYd) (width 0.05))
    (fp_line (start -1.2 -1.2) (end -1.2 1.2) (layer B.SilkS) (width 0.12))
    (fp_line (start 1.2 -1.2) (end -1.2 -1.2) (layer B.SilkS) (width 0.12))
    (fp_line (start 1.2 1.2) (end 1.2 -1.2) (layer B.SilkS) (width 0.12))
    (fp_line (start -1.2 1.2) (end 1.2 1.2) (layer B.SilkS) (width 0.12))
    (fp_text user SCL (at -2.77 -0.015) (layer B.Fab)
      (effects (font (size 1 1) (thickness 0.15)) (justify mirror))
    )
    (pad 1 smd rect (at 0 0 180) (size 2 2) (layers B.Cu B.Paste B.Mask)
      (net 23 SCL))
  )

  (module TestPoint:TestPoint_THTPad_2.0x2.0mm_Drill1.0mm (layer B.Cu) (tedit 5D00088C) (tstamp 5D001E0A)
    (at 153.6 113.925 180)
    (descr "THT rectangular pad as test Point, square 2.0mm_Drill1.0mm  side length, hole diameter 1.0mm")
    (tags "test point THT pad rectangle square")
    (path /5C6F2C19)
    (attr virtual)
    (fp_text reference TP1 (at 0 1.998) (layer B.SilkS)
      (effects (font (size 1 1) (thickness 0.15)) (justify mirror))
    )
    (fp_text value TestPoint (at 0 -2.05) (layer B.Fab)
      (effects (font (size 1 1) (thickness 0.15)) (justify mirror))
    )
    (fp_line (start 1.5 -1.5) (end -1.5 -1.5) (layer B.CrtYd) (width 0.05))
    (fp_line (start 1.5 -1.5) (end 1.5 1.5) (layer B.CrtYd) (width 0.05))
    (fp_line (start -1.5 1.5) (end -1.5 -1.5) (layer B.CrtYd) (width 0.05))
    (fp_line (start -1.5 1.5) (end 1.5 1.5) (layer B.CrtYd) (width 0.05))
    (fp_line (start -1.2 -1.2) (end -1.2 1.2) (layer B.SilkS) (width 0.12))
    (fp_line (start 1.2 -1.2) (end -1.2 -1.2) (layer B.SilkS) (width 0.12))
    (fp_line (start 1.2 1.2) (end 1.2 -1.2) (layer B.SilkS) (width 0.12))
    (fp_line (start -1.2 1.2) (end 1.2 1.2) (layer B.SilkS) (width 0.12))
    (fp_text user SDA (at -2.69 0.105) (layer B.Fab)
      (effects (font (size 1 1) (thickness 0.15)) (justify mirror))
    )
    (pad 1 smd rect (at 0 0 180) (size 2 2) (layers B.Cu B.Paste B.Mask)
      (net 22 SDA))
  )

  (module tssop-20x6.5mmx4:TSSOP-20_4.4x6.5mm_P0.65mm locked (layer F.Cu) (tedit 5C522699) (tstamp 5C71B902)
    (at 151.575 110.045 180)
    (descr "20-Lead Plastic Thin Shrink Small Outline (ST)-4.4 mm Body [TSSOP] (see Microchip Packaging Specification 00000049BS.pdf)")
    (tags "SSOP 0.65")
    (path /5C1E98D0)
    (attr smd)
    (fp_text reference U1 (at 0 -4.3 180) (layer F.SilkS)
      (effects (font (size 1 1) (thickness 0.15)))
    )
    (fp_text value STM32F042F4Px (at -0.13 0.645 180) (layer F.Fab)
      (effects (font (size 1 1) (thickness 0.15)))
    )
    (fp_line (start -1.2 -3.25) (end 2.2 -3.25) (layer F.Fab) (width 0.15))
    (fp_line (start 2.2 -3.25) (end 2.2 3.25) (layer F.Fab) (width 0.15))
    (fp_line (start 2.2 3.25) (end -2.2 3.25) (layer F.Fab) (width 0.15))
    (fp_line (start -2.2 3.25) (end -2.2 -2.25) (layer F.Fab) (width 0.15))
    (fp_line (start -2.2 -2.25) (end -1.2 -3.25) (layer F.Fab) (width 0.15))
    (fp_line (start -3.95 -3.55) (end -3.95 3.55) (layer F.CrtYd) (width 0.05))
    (fp_line (start 3.95 -3.55) (end 3.95 3.55) (layer F.CrtYd) (width 0.05))
    (fp_line (start -3.95 -3.55) (end 3.95 -3.55) (layer F.CrtYd) (width 0.05))
    (fp_line (start -3.95 3.55) (end 3.95 3.55) (layer F.CrtYd) (width 0.05))
    (fp_line (start -2.225 3.45) (end 2.225 3.45) (layer F.SilkS) (width 0.15))
    (fp_line (start -3.75 -3.45) (end 2.225 -3.45) (layer F.SilkS) (width 0.15))
    (fp_text user %R (at 0 0 180) (layer F.Fab)
      (effects (font (size 0.8 0.8) (thickness 0.15)))
    )
    (pad 1 smd rect (at -2.95 -2.925 180) (size 1.45 0.4) (layers F.Cu F.Paste F.Mask)
      (net 10 BOOT0))
    (pad 2 smd rect (at -2.95 -2.275 180) (size 1.45 0.4) (layers F.Cu F.Paste F.Mask)
      (net 22 SDA))
    (pad 3 smd rect (at -2.95 -1.625 180) (size 1.45 0.4) (layers F.Cu F.Paste F.Mask)
      (net 23 SCL))
    (pad 4 smd rect (at -2.95 -0.975 180) (size 1.45 0.4) (layers F.Cu F.Paste F.Mask)
      (net 19 NRST))
    (pad 5 smd rect (at -2.95 -0.325 180) (size 1.45 0.4) (layers F.Cu F.Paste F.Mask)
      (net 3 VDD))
    (pad 6 smd rect (at -2.95 0.325 180) (size 1.45 0.4) (layers F.Cu F.Paste F.Mask)
      (net 4 Ctrl_One))
    (pad 7 smd rect (at -2.95 0.975 180) (size 1.45 0.4) (layers F.Cu F.Paste F.Mask)
      (net 11 "Net-(U1-Pad7)"))
    (pad 8 smd rect (at -2.95 1.625 180) (size 1.45 0.4) (layers F.Cu F.Paste F.Mask)
      (net 5 Ctrl_Ten))
    (pad 9 smd rect (at -2.95 2.275 180) (size 1.45 0.4) (layers F.Cu F.Paste F.Mask)
      (net 12 "Net-(U1-Pad9)"))
    (pad 10 smd rect (at -2.95 2.925 180) (size 1.45 0.4) (layers F.Cu F.Paste F.Mask)
      (net 13 "Net-(U1-Pad10)"))
    (pad 11 smd rect (at 2.95 2.925 180) (size 1.45 0.4) (layers F.Cu F.Paste F.Mask)
      (net 18 "Net-(U1-Pad11)"))
    (pad 12 smd rect (at 2.95 2.275 180) (size 1.45 0.4) (layers F.Cu F.Paste F.Mask)
      (net 17 "Net-(U1-Pad12)"))
    (pad 13 smd rect (at 2.95 1.625 180) (size 1.45 0.4) (layers F.Cu F.Paste F.Mask)
      (net 9 Buzzer))
    (pad 14 smd rect (at 2.95 0.975 180) (size 1.45 0.4) (layers F.Cu F.Paste F.Mask)
      (net 14 "Net-(U1-Pad14)"))
    (pad 15 smd rect (at 2.95 0.325 180) (size 1.45 0.4) (layers F.Cu F.Paste F.Mask)
      (net 1 GND))
    (pad 16 smd rect (at 2.95 -0.325 180) (size 1.45 0.4) (layers F.Cu F.Paste F.Mask)
      (net 3 VDD))
    (pad 17 smd rect (at 2.95 -0.975 180) (size 1.45 0.4) (layers F.Cu F.Paste F.Mask)
      (net 6 USB_D-))
    (pad 18 smd rect (at 2.95 -1.625 180) (size 1.45 0.4) (layers F.Cu F.Paste F.Mask)
      (net 8 USB_D+))
    (pad 19 smd rect (at 2.95 -2.275 180) (size 1.45 0.4) (layers F.Cu F.Paste F.Mask)
      (net 20 SWDIO))
    (pad 20 smd rect (at 2.95 -2.925 180) (size 1.45 0.4) (layers F.Cu F.Paste F.Mask)
      (net 21 SWCLK))
    (model ${KISYS3DMOD}/Package_SO.3dshapes/TSSOP-20_4.4x6.5mm_P0.65mm.wrl
      (at (xyz 0 0 0))
      (scale (xyz 1 1 1))
      (rotate (xyz 0 0 0))
    )
  )

  (module Package_TO_SOT_SMD:SOT-89-3 (layer F.Cu) (tedit 5A02FF57) (tstamp 5D0160A4)
    (at 136.575 97.66)
    (descr SOT-89-3)
    (tags SOT-89-3)
    (path /5CFEE32E)
    (attr smd)
    (fp_text reference U2 (at 0.45 -3.2) (layer F.SilkS)
      (effects (font (size 1 1) (thickness 0.15)))
    )
    (fp_text value MCP1700-3302E_SOT89 (at 0.45 3.25) (layer F.Fab)
      (effects (font (size 1 1) (thickness 0.15)))
    )
    (fp_line (start -2.48 2.55) (end -2.48 -2.55) (layer F.CrtYd) (width 0.05))
    (fp_line (start -2.48 2.55) (end 3.23 2.55) (layer F.CrtYd) (width 0.05))
    (fp_line (start 3.23 -2.55) (end -2.48 -2.55) (layer F.CrtYd) (width 0.05))
    (fp_line (start 3.23 -2.55) (end 3.23 2.55) (layer F.CrtYd) (width 0.05))
    (fp_line (start -0.13 -2.3) (end 1.68 -2.3) (layer F.Fab) (width 0.1))
    (fp_line (start -0.92 2.3) (end -0.92 -1.51) (layer F.Fab) (width 0.1))
    (fp_line (start 1.68 2.3) (end -0.92 2.3) (layer F.Fab) (width 0.1))
    (fp_line (start 1.68 -2.3) (end 1.68 2.3) (layer F.Fab) (width 0.1))
    (fp_line (start -0.92 -1.51) (end -0.13 -2.3) (layer F.Fab) (width 0.1))
    (fp_line (start 1.78 -2.4) (end 1.78 -1.2) (layer F.SilkS) (width 0.12))
    (fp_line (start -2.22 -2.4) (end 1.78 -2.4) (layer F.SilkS) (width 0.12))
    (fp_line (start 1.78 2.4) (end -0.92 2.4) (layer F.SilkS) (width 0.12))
    (fp_line (start 1.78 1.2) (end 1.78 2.4) (layer F.SilkS) (width 0.12))
    (fp_text user %R (at 0.38 0 90) (layer F.Fab)
      (effects (font (size 0.6 0.6) (thickness 0.09)))
    )
    (pad 2 smd trapezoid (at -0.0762 0 90) (size 1.5 1) (rect_delta 0 0.7 ) (layers F.Cu F.Paste F.Mask)
      (net 16 USB_VBUS))
    (pad 2 smd rect (at 1.3335 0 270) (size 2.2 1.84) (layers F.Cu F.Paste F.Mask)
      (net 16 USB_VBUS))
    (pad 3 smd rect (at -1.48 1.5 270) (size 1 1.5) (layers F.Cu F.Paste F.Mask)
      (net 24 "Net-(C4-Pad1)"))
    (pad 2 smd rect (at -1.3335 0 270) (size 1 1.8) (layers F.Cu F.Paste F.Mask)
      (net 16 USB_VBUS))
    (pad 1 smd rect (at -1.48 -1.5 270) (size 1 1.5) (layers F.Cu F.Paste F.Mask)
      (net 1 GND))
    (pad 2 smd trapezoid (at 2.667 0 270) (size 1.6 0.85) (rect_delta 0 0.6 ) (layers F.Cu F.Paste F.Mask)
      (net 16 USB_VBUS))
    (model ${KISYS3DMOD}/Package_TO_SOT_SMD.3dshapes/SOT-89-3.wrl
      (at (xyz 0 0 0))
      (scale (xyz 1 1 1))
      (rotate (xyz 0 0 0))
    )
  )

  (module tl3342:tl3342 (layer F.Cu) (tedit 5C6F0D2E) (tstamp 5D009B4D)
    (at 159.7 126 270)
    (descr "Low-profile SMD Tactile Switch, https://www.e-switch.com/system/asset/product_line/data_sheet/165/TL3342.pdf")
    (tags "SPST Tactile Switch")
    (path /5C1E9C39)
    (attr smd)
    (fp_text reference One (at 0.08 0.09 270) (layer F.SilkS)
      (effects (font (size 1 1) (thickness 0.15)))
    )
    (fp_text value One (at -0.05 0.025) (layer F.Fab)
      (effects (font (size 1 1) (thickness 0.15)))
    )
    (fp_text user %R (at -0.05 -0.1 270) (layer F.Fab) hide
      (effects (font (size 1 1) (thickness 0.15)))
    )
    (fp_line (start 3.2 2.1) (end 3.2 1.6) (layer F.Fab) (width 0.1))
    (fp_line (start 3.2 -2.1) (end 3.2 -1.6) (layer F.Fab) (width 0.1))
    (fp_line (start -3.2 2.1) (end -3.2 1.6) (layer F.Fab) (width 0.1))
    (fp_line (start -3.2 -2.1) (end -3.2 -1.6) (layer F.Fab) (width 0.1))
    (fp_line (start 2.7 -2.1) (end 2.7 -1.6) (layer F.Fab) (width 0.1))
    (fp_line (start 1.7 -2.1) (end 3.2 -2.1) (layer F.Fab) (width 0.1))
    (fp_line (start 3.2 -1.6) (end 2.2 -1.6) (layer F.Fab) (width 0.1))
    (fp_line (start -2.7 -2.1) (end -2.7 -1.6) (layer F.Fab) (width 0.1))
    (fp_line (start -1.7 -2.1) (end -3.2 -2.1) (layer F.Fab) (width 0.1))
    (fp_line (start -3.2 -1.6) (end -2.2 -1.6) (layer F.Fab) (width 0.1))
    (fp_line (start -2.7 2.1) (end -2.7 1.6) (layer F.Fab) (width 0.1))
    (fp_line (start -3.2 1.6) (end -2.2 1.6) (layer F.Fab) (width 0.1))
    (fp_line (start -1.7 2.1) (end -3.2 2.1) (layer F.Fab) (width 0.1))
    (fp_line (start 1.7 2.1) (end 3.2 2.1) (layer F.Fab) (width 0.1))
    (fp_line (start 2.7 2.1) (end 2.7 1.6) (layer F.Fab) (width 0.1))
    (fp_line (start 3.2 1.6) (end 2.2 1.6) (layer F.Fab) (width 0.1))
    (fp_line (start -1.7 2.3) (end -1.25 2.75) (layer F.SilkS) (width 0.12))
    (fp_line (start 1.7 2.3) (end 1.25 2.75) (layer F.SilkS) (width 0.12))
    (fp_line (start 1.7 -2.3) (end 1.25 -2.75) (layer F.SilkS) (width 0.12))
    (fp_line (start -1.7 -2.3) (end -1.25 -2.75) (layer F.SilkS) (width 0.12))
    (fp_line (start -2 -1) (end -1 -2) (layer F.Fab) (width 0.1))
    (fp_line (start -1 -2) (end 1 -2) (layer F.Fab) (width 0.1))
    (fp_line (start 1 -2) (end 2 -1) (layer F.Fab) (width 0.1))
    (fp_line (start 2 -1) (end 2 1) (layer F.Fab) (width 0.1))
    (fp_line (start 2 1) (end 1 2) (layer F.Fab) (width 0.1))
    (fp_line (start 1 2) (end -1 2) (layer F.Fab) (width 0.1))
    (fp_line (start -1 2) (end -2 1) (layer F.Fab) (width 0.1))
    (fp_line (start -2 1) (end -2 -1) (layer F.Fab) (width 0.1))
    (fp_line (start 2.75 -1) (end 2.75 1) (layer F.SilkS) (width 0.12))
    (fp_line (start -1.25 2.75) (end 1.25 2.75) (layer F.SilkS) (width 0.12))
    (fp_line (start -2.75 -1) (end -2.75 1) (layer F.SilkS) (width 0.12))
    (fp_line (start -1.25 -2.75) (end 1.25 -2.75) (layer F.SilkS) (width 0.12))
    (fp_line (start -2.6 -1.2) (end -2.6 1.2) (layer F.Fab) (width 0.1))
    (fp_line (start -2.6 1.2) (end -1.2 2.6) (layer F.Fab) (width 0.1))
    (fp_line (start -1.2 2.6) (end 1.2 2.6) (layer F.Fab) (width 0.1))
    (fp_line (start 1.2 2.6) (end 2.6 1.2) (layer F.Fab) (width 0.1))
    (fp_line (start 2.6 1.2) (end 2.6 -1.2) (layer F.Fab) (width 0.1))
    (fp_line (start 2.6 -1.2) (end 1.2 -2.6) (layer F.Fab) (width 0.1))
    (fp_line (start 1.2 -2.6) (end -1.2 -2.6) (layer F.Fab) (width 0.1))
    (fp_line (start -1.2 -2.6) (end -2.6 -1.2) (layer F.Fab) (width 0.1))
    (fp_line (start -3.8 -3) (end 3.8 -3) (layer F.CrtYd) (width 0.05))
    (fp_line (start 3.8 -3) (end 3.8 3) (layer F.CrtYd) (width 0.05))
    (fp_line (start 3.8 3) (end -3.8 3) (layer F.CrtYd) (width 0.05))
    (fp_line (start -3.8 3) (end -3.8 -3) (layer F.CrtYd) (width 0.05))
    (fp_circle (center 0 0) (end 1 0) (layer F.Fab) (width 0.1))
    (pad 1 smd rect (at -3.15 -1.9 270) (size 0.85 1) (layers F.Cu F.Paste F.Mask)
      (net 4 Ctrl_One))
    (pad 1 smd rect (at 3.15 -1.9 270) (size 0.85 1) (layers F.Cu F.Paste F.Mask)
      (net 4 Ctrl_One))
    (pad 2 smd rect (at -3.15 1.9 270) (size 0.85 1) (layers F.Cu F.Paste F.Mask)
      (net 3 VDD))
    (pad 2 smd rect (at 3.15 1.9 270) (size 0.85 1) (layers F.Cu F.Paste F.Mask)
      (net 3 VDD))
    (model ${KIPRJMOD}/libs/tl3342-tall.step
      (at (xyz 0 0 0))
      (scale (xyz 1 1 1))
      (rotate (xyz 0 0 0))
    )
  )

  (module Capacitor_SMD:C_0805_2012Metric_Pad1.15x1.40mm_HandSolder (layer F.Cu) (tedit 5B36C52B) (tstamp 5C7B7E3A)
    (at 145.475 107.975)
    (descr "Capacitor SMD 0805 (2012 Metric), square (rectangular) end terminal, IPC_7351 nominal with elongated pad for handsoldering. (Body size source: https://docs.google.com/spreadsheets/d/1BsfQQcO9C6DZCsRaXUlFlo91Tg2WpOkGARC1WS5S8t0/edit?usp=sharing), generated with kicad-footprint-generator")
    (tags "capacitor handsolder")
    (path /5C202927)
    (attr smd)
    (fp_text reference C1 (at 2.605 0.005 90) (layer F.SilkS)
      (effects (font (size 1 1) (thickness 0.15)))
    )
    (fp_text value 0.1u (at 2.715 0.055 90) (layer F.Fab)
      (effects (font (size 1 1) (thickness 0.15)))
    )
    (fp_text user %R (at 0 0) (layer F.Fab)
      (effects (font (size 0.5 0.5) (thickness 0.08)))
    )
    (fp_line (start 1.85 0.95) (end -1.85 0.95) (layer F.CrtYd) (width 0.05))
    (fp_line (start 1.85 -0.95) (end 1.85 0.95) (layer F.CrtYd) (width 0.05))
    (fp_line (start -1.85 -0.95) (end 1.85 -0.95) (layer F.CrtYd) (width 0.05))
    (fp_line (start -1.85 0.95) (end -1.85 -0.95) (layer F.CrtYd) (width 0.05))
    (fp_line (start -0.261252 0.71) (end 0.261252 0.71) (layer F.SilkS) (width 0.12))
    (fp_line (start -0.261252 -0.71) (end 0.261252 -0.71) (layer F.SilkS) (width 0.12))
    (fp_line (start 1 0.6) (end -1 0.6) (layer F.Fab) (width 0.1))
    (fp_line (start 1 -0.6) (end 1 0.6) (layer F.Fab) (width 0.1))
    (fp_line (start -1 -0.6) (end 1 -0.6) (layer F.Fab) (width 0.1))
    (fp_line (start -1 0.6) (end -1 -0.6) (layer F.Fab) (width 0.1))
    (pad 2 smd roundrect (at 1.025 0) (size 1.15 1.4) (layers F.Cu F.Paste F.Mask) (roundrect_rratio 0.217391)
      (net 1 GND))
    (pad 1 smd roundrect (at -1.025 0) (size 1.15 1.4) (layers F.Cu F.Paste F.Mask) (roundrect_rratio 0.217391)
      (net 3 VDD))
    (model ${KISYS3DMOD}/Capacitor_SMD.3dshapes/C_0805_2012Metric.wrl
      (at (xyz 0 0 0))
      (scale (xyz 1 1 1))
      (rotate (xyz 0 0 0))
    )
  )

  (module Capacitor_SMD:C_0805_2012Metric_Pad1.15x1.40mm_HandSolder (layer F.Cu) (tedit 5B36C52B) (tstamp 5C7B7E6D)
    (at 145.475 105.825)
    (descr "Capacitor SMD 0805 (2012 Metric), square (rectangular) end terminal, IPC_7351 nominal with elongated pad for handsoldering. (Body size source: https://docs.google.com/spreadsheets/d/1BsfQQcO9C6DZCsRaXUlFlo91Tg2WpOkGARC1WS5S8t0/edit?usp=sharing), generated with kicad-footprint-generator")
    (tags "capacitor handsolder")
    (path /5C20292E)
    (attr smd)
    (fp_text reference C3 (at 3.86 -0.13 90) (layer F.SilkS)
      (effects (font (size 1 1) (thickness 0.15)))
    )
    (fp_text value 4.7u (at -0.1 -1.825 180) (layer F.Fab)
      (effects (font (size 1 1) (thickness 0.15)))
    )
    (fp_line (start -1 0.6) (end -1 -0.6) (layer F.Fab) (width 0.1))
    (fp_line (start -1 -0.6) (end 1 -0.6) (layer F.Fab) (width 0.1))
    (fp_line (start 1 -0.6) (end 1 0.6) (layer F.Fab) (width 0.1))
    (fp_line (start 1 0.6) (end -1 0.6) (layer F.Fab) (width 0.1))
    (fp_line (start -0.261252 -0.71) (end 0.261252 -0.71) (layer F.SilkS) (width 0.12))
    (fp_line (start -0.261252 0.71) (end 0.261252 0.71) (layer F.SilkS) (width 0.12))
    (fp_line (start -1.85 0.95) (end -1.85 -0.95) (layer F.CrtYd) (width 0.05))
    (fp_line (start -1.85 -0.95) (end 1.85 -0.95) (layer F.CrtYd) (width 0.05))
    (fp_line (start 1.85 -0.95) (end 1.85 0.95) (layer F.CrtYd) (width 0.05))
    (fp_line (start 1.85 0.95) (end -1.85 0.95) (layer F.CrtYd) (width 0.05))
    (fp_text user %R (at 0 0) (layer F.Fab)
      (effects (font (size 0.5 0.5) (thickness 0.08)))
    )
    (pad 1 smd roundrect (at -1.025 0) (size 1.15 1.4) (layers F.Cu F.Paste F.Mask) (roundrect_rratio 0.217391)
      (net 3 VDD))
    (pad 2 smd roundrect (at 1.025 0) (size 1.15 1.4) (layers F.Cu F.Paste F.Mask) (roundrect_rratio 0.217391)
      (net 1 GND))
    (model ${KISYS3DMOD}/Capacitor_SMD.3dshapes/C_0805_2012Metric.wrl
      (at (xyz 0 0 0))
      (scale (xyz 1 1 1))
      (rotate (xyz 0 0 0))
    )
  )

  (module Capacitor_SMD:C_0805_2012Metric_Pad1.15x1.40mm_HandSolder (layer F.Cu) (tedit 5B36C52B) (tstamp 5CFEBBE7)
    (at 148.025 124.6 180)
    (descr "Capacitor SMD 0805 (2012 Metric), square (rectangular) end terminal, IPC_7351 nominal with elongated pad for handsoldering. (Body size source: https://docs.google.com/spreadsheets/d/1BsfQQcO9C6DZCsRaXUlFlo91Tg2WpOkGARC1WS5S8t0/edit?usp=sharing), generated with kicad-footprint-generator")
    (tags "capacitor handsolder")
    (path /5C1EFF71)
    (attr smd)
    (fp_text reference C7 (at -2.905 -0.08 180) (layer F.SilkS)
      (effects (font (size 1 1) (thickness 0.15)))
    )
    (fp_text value 0.1u (at -0.025 -1.1) (layer F.Fab)
      (effects (font (size 1 1) (thickness 0.15)))
    )
    (fp_line (start -1 0.6) (end -1 -0.6) (layer F.Fab) (width 0.1))
    (fp_line (start -1 -0.6) (end 1 -0.6) (layer F.Fab) (width 0.1))
    (fp_line (start 1 -0.6) (end 1 0.6) (layer F.Fab) (width 0.1))
    (fp_line (start 1 0.6) (end -1 0.6) (layer F.Fab) (width 0.1))
    (fp_line (start -0.261252 -0.71) (end 0.261252 -0.71) (layer F.SilkS) (width 0.12))
    (fp_line (start -0.261252 0.71) (end 0.261252 0.71) (layer F.SilkS) (width 0.12))
    (fp_line (start -1.85 0.95) (end -1.85 -0.95) (layer F.CrtYd) (width 0.05))
    (fp_line (start -1.85 -0.95) (end 1.85 -0.95) (layer F.CrtYd) (width 0.05))
    (fp_line (start 1.85 -0.95) (end 1.85 0.95) (layer F.CrtYd) (width 0.05))
    (fp_line (start 1.85 0.95) (end -1.85 0.95) (layer F.CrtYd) (width 0.05))
    (fp_text user %R (at 0 0 180) (layer F.Fab)
      (effects (font (size 0.5 0.5) (thickness 0.08)))
    )
    (pad 1 smd roundrect (at -1.025 0 180) (size 1.15 1.4) (layers F.Cu F.Paste F.Mask) (roundrect_rratio 0.217391)
      (net 19 NRST))
    (pad 2 smd roundrect (at 1.025 0 180) (size 1.15 1.4) (layers F.Cu F.Paste F.Mask) (roundrect_rratio 0.217391)
      (net 1 GND))
    (model ${KISYS3DMOD}/Capacitor_SMD.3dshapes/C_0805_2012Metric.wrl
      (at (xyz 0 0 0))
      (scale (xyz 1 1 1))
      (rotate (xyz 0 0 0))
    )
  )

  (module Capacitor_SMD:C_0805_2012Metric_Pad1.15x1.40mm_HandSolder (layer F.Cu) (tedit 5B36C52B) (tstamp 5D009AF5)
    (at 159.7 120.8)
    (descr "Capacitor SMD 0805 (2012 Metric), square (rectangular) end terminal, IPC_7351 nominal with elongated pad for handsoldering. (Body size source: https://docs.google.com/spreadsheets/d/1BsfQQcO9C6DZCsRaXUlFlo91Tg2WpOkGARC1WS5S8t0/edit?usp=sharing), generated with kicad-footprint-generator")
    (tags "capacitor handsolder")
    (path /5C20FD6A)
    (attr smd)
    (fp_text reference C8 (at 0 -1.65) (layer F.SilkS)
      (effects (font (size 1 1) (thickness 0.15)))
    )
    (fp_text value 0.1u (at 0.2 1.775 180) (layer F.Fab)
      (effects (font (size 1 1) (thickness 0.15)))
    )
    (fp_line (start -1 0.6) (end -1 -0.6) (layer F.Fab) (width 0.1))
    (fp_line (start -1 -0.6) (end 1 -0.6) (layer F.Fab) (width 0.1))
    (fp_line (start 1 -0.6) (end 1 0.6) (layer F.Fab) (width 0.1))
    (fp_line (start 1 0.6) (end -1 0.6) (layer F.Fab) (width 0.1))
    (fp_line (start -0.261252 -0.71) (end 0.261252 -0.71) (layer F.SilkS) (width 0.12))
    (fp_line (start -0.261252 0.71) (end 0.261252 0.71) (layer F.SilkS) (width 0.12))
    (fp_line (start -1.85 0.95) (end -1.85 -0.95) (layer F.CrtYd) (width 0.05))
    (fp_line (start -1.85 -0.95) (end 1.85 -0.95) (layer F.CrtYd) (width 0.05))
    (fp_line (start 1.85 -0.95) (end 1.85 0.95) (layer F.CrtYd) (width 0.05))
    (fp_line (start 1.85 0.95) (end -1.85 0.95) (layer F.CrtYd) (width 0.05))
    (fp_text user %R (at 0 0) (layer F.Fab)
      (effects (font (size 0.5 0.5) (thickness 0.08)))
    )
    (pad 1 smd roundrect (at -1.025 0) (size 1.15 1.4) (layers F.Cu F.Paste F.Mask) (roundrect_rratio 0.217391)
      (net 3 VDD))
    (pad 2 smd roundrect (at 1.025 0) (size 1.15 1.4) (layers F.Cu F.Paste F.Mask) (roundrect_rratio 0.217391)
      (net 4 Ctrl_One))
    (model ${KISYS3DMOD}/Capacitor_SMD.3dshapes/C_0805_2012Metric.wrl
      (at (xyz 0 0 0))
      (scale (xyz 1 1 1))
      (rotate (xyz 0 0 0))
    )
  )

  (module Capacitor_SMD:C_0805_2012Metric_Pad1.15x1.40mm_HandSolder (layer F.Cu) (tedit 5B36C52B) (tstamp 5C8FF31A)
    (at 159.7 105.1)
    (descr "Capacitor SMD 0805 (2012 Metric), square (rectangular) end terminal, IPC_7351 nominal with elongated pad for handsoldering. (Body size source: https://docs.google.com/spreadsheets/d/1BsfQQcO9C6DZCsRaXUlFlo91Tg2WpOkGARC1WS5S8t0/edit?usp=sharing), generated with kicad-footprint-generator")
    (tags "capacitor handsolder")
    (path /5C211C11)
    (attr smd)
    (fp_text reference C9 (at 0 -1.65 180) (layer F.SilkS)
      (effects (font (size 1 1) (thickness 0.15)))
    )
    (fp_text value 0.1u (at 0.05 1.9) (layer F.Fab)
      (effects (font (size 1 1) (thickness 0.15)))
    )
    (fp_text user %R (at 0 0 180) (layer F.Fab)
      (effects (font (size 0.5 0.5) (thickness 0.08)))
    )
    (fp_line (start 1.85 0.95) (end -1.85 0.95) (layer F.CrtYd) (width 0.05))
    (fp_line (start 1.85 -0.95) (end 1.85 0.95) (layer F.CrtYd) (width 0.05))
    (fp_line (start -1.85 -0.95) (end 1.85 -0.95) (layer F.CrtYd) (width 0.05))
    (fp_line (start -1.85 0.95) (end -1.85 -0.95) (layer F.CrtYd) (width 0.05))
    (fp_line (start -0.261252 0.71) (end 0.261252 0.71) (layer F.SilkS) (width 0.12))
    (fp_line (start -0.261252 -0.71) (end 0.261252 -0.71) (layer F.SilkS) (width 0.12))
    (fp_line (start 1 0.6) (end -1 0.6) (layer F.Fab) (width 0.1))
    (fp_line (start 1 -0.6) (end 1 0.6) (layer F.Fab) (width 0.1))
    (fp_line (start -1 -0.6) (end 1 -0.6) (layer F.Fab) (width 0.1))
    (fp_line (start -1 0.6) (end -1 -0.6) (layer F.Fab) (width 0.1))
    (pad 2 smd roundrect (at 1.025 0) (size 1.15 1.4) (layers F.Cu F.Paste F.Mask) (roundrect_rratio 0.217391)
      (net 5 Ctrl_Ten))
    (pad 1 smd roundrect (at -1.025 0) (size 1.15 1.4) (layers F.Cu F.Paste F.Mask) (roundrect_rratio 0.217391)
      (net 3 VDD))
    (model ${KISYS3DMOD}/Capacitor_SMD.3dshapes/C_0805_2012Metric.wrl
      (at (xyz 0 0 0))
      (scale (xyz 1 1 1))
      (rotate (xyz 0 0 0))
    )
  )

  (module Resistor_SMD:R_0805_2012Metric_Pad1.15x1.40mm_HandSolder (layer F.Cu) (tedit 5B36C52B) (tstamp 5C52826A)
    (at 150.275 104.675)
    (descr "Resistor SMD 0805 (2012 Metric), square (rectangular) end terminal, IPC_7351 nominal with elongated pad for handsoldering. (Body size source: https://docs.google.com/spreadsheets/d/1BsfQQcO9C6DZCsRaXUlFlo91Tg2WpOkGARC1WS5S8t0/edit?usp=sharing), generated with kicad-footprint-generator")
    (tags "resistor handsolder")
    (path /5C206A14)
    (attr smd)
    (fp_text reference R1 (at 0 -1.65 180) (layer F.SilkS)
      (effects (font (size 1 1) (thickness 0.15)))
    )
    (fp_text value 470 (at -3.5 -0.25 180) (layer F.Fab)
      (effects (font (size 1 1) (thickness 0.15)))
    )
    (fp_text user %R (at 0 0 180) (layer F.Fab)
      (effects (font (size 0.5 0.5) (thickness 0.08)))
    )
    (fp_line (start 1.85 0.95) (end -1.85 0.95) (layer F.CrtYd) (width 0.05))
    (fp_line (start 1.85 -0.95) (end 1.85 0.95) (layer F.CrtYd) (width 0.05))
    (fp_line (start -1.85 -0.95) (end 1.85 -0.95) (layer F.CrtYd) (width 0.05))
    (fp_line (start -1.85 0.95) (end -1.85 -0.95) (layer F.CrtYd) (width 0.05))
    (fp_line (start -0.261252 0.71) (end 0.261252 0.71) (layer F.SilkS) (width 0.12))
    (fp_line (start -0.261252 -0.71) (end 0.261252 -0.71) (layer F.SilkS) (width 0.12))
    (fp_line (start 1 0.6) (end -1 0.6) (layer F.Fab) (width 0.1))
    (fp_line (start 1 -0.6) (end 1 0.6) (layer F.Fab) (width 0.1))
    (fp_line (start -1 -0.6) (end 1 -0.6) (layer F.Fab) (width 0.1))
    (fp_line (start -1 0.6) (end -1 -0.6) (layer F.Fab) (width 0.1))
    (pad 2 smd roundrect (at 1.025 0) (size 1.15 1.4) (layers F.Cu F.Paste F.Mask) (roundrect_rratio 0.217391)
      (net 9 Buzzer))
    (pad 1 smd roundrect (at -1.025 0) (size 1.15 1.4) (layers F.Cu F.Paste F.Mask) (roundrect_rratio 0.217391)
      (net 2 "Net-(BZ1-Pad1)"))
    (model ${KISYS3DMOD}/Resistor_SMD.3dshapes/R_0805_2012Metric.wrl
      (at (xyz 0 0 0))
      (scale (xyz 1 1 1))
      (rotate (xyz 0 0 0))
    )
  )

  (module Resistor_SMD:R_0805_2012Metric_Pad1.15x1.40mm_HandSolder (layer F.Cu) (tedit 5B36C52B) (tstamp 5CFEBC2C)
    (at 148.025 122.45 180)
    (descr "Resistor SMD 0805 (2012 Metric), square (rectangular) end terminal, IPC_7351 nominal with elongated pad for handsoldering. (Body size source: https://docs.google.com/spreadsheets/d/1BsfQQcO9C6DZCsRaXUlFlo91Tg2WpOkGARC1WS5S8t0/edit?usp=sharing), generated with kicad-footprint-generator")
    (tags "resistor handsolder")
    (path /5C4250E3)
    (attr smd)
    (fp_text reference R2 (at -2.935 -0.15) (layer F.SilkS)
      (effects (font (size 1 1) (thickness 0.15)))
    )
    (fp_text value 1M (at -0.05 0.975) (layer F.Fab)
      (effects (font (size 1 1) (thickness 0.15)))
    )
    (fp_line (start -1 0.6) (end -1 -0.6) (layer F.Fab) (width 0.1))
    (fp_line (start -1 -0.6) (end 1 -0.6) (layer F.Fab) (width 0.1))
    (fp_line (start 1 -0.6) (end 1 0.6) (layer F.Fab) (width 0.1))
    (fp_line (start 1 0.6) (end -1 0.6) (layer F.Fab) (width 0.1))
    (fp_line (start -0.261252 -0.71) (end 0.261252 -0.71) (layer F.SilkS) (width 0.12))
    (fp_line (start -0.261252 0.71) (end 0.261252 0.71) (layer F.SilkS) (width 0.12))
    (fp_line (start -1.85 0.95) (end -1.85 -0.95) (layer F.CrtYd) (width 0.05))
    (fp_line (start -1.85 -0.95) (end 1.85 -0.95) (layer F.CrtYd) (width 0.05))
    (fp_line (start 1.85 -0.95) (end 1.85 0.95) (layer F.CrtYd) (width 0.05))
    (fp_line (start 1.85 0.95) (end -1.85 0.95) (layer F.CrtYd) (width 0.05))
    (fp_text user %R (at 0 0) (layer F.Fab)
      (effects (font (size 0.5 0.5) (thickness 0.08)))
    )
    (pad 1 smd roundrect (at -1.025 0 180) (size 1.15 1.4) (layers F.Cu F.Paste F.Mask) (roundrect_rratio 0.217391)
      (net 10 BOOT0))
    (pad 2 smd roundrect (at 1.025 0 180) (size 1.15 1.4) (layers F.Cu F.Paste F.Mask) (roundrect_rratio 0.217391)
      (net 1 GND))
    (model ${KISYS3DMOD}/Resistor_SMD.3dshapes/R_0805_2012Metric.wrl
      (at (xyz 0 0 0))
      (scale (xyz 1 1 1))
      (rotate (xyz 0 0 0))
    )
  )

  (module Package_TO_SOT_SMD:SOT-23 (layer F.Cu) (tedit 5A02FF57) (tstamp 5C8FCFDE)
    (at 136.475 104.52)
    (descr "SOT-23, Standard")
    (tags SOT-23)
    (path /5C22D4D9)
    (attr smd)
    (fp_text reference D1 (at 0 -2.5) (layer F.SilkS)
      (effects (font (size 1 1) (thickness 0.15)))
    )
    (fp_text value BAT54C (at 4.5 1.48) (layer F.Fab)
      (effects (font (size 1 1) (thickness 0.15)))
    )
    (fp_text user %R (at 0 0 90) (layer F.Fab)
      (effects (font (size 0.5 0.5) (thickness 0.075)))
    )
    (fp_line (start -0.7 -0.95) (end -0.7 1.5) (layer F.Fab) (width 0.1))
    (fp_line (start -0.15 -1.52) (end 0.7 -1.52) (layer F.Fab) (width 0.1))
    (fp_line (start -0.7 -0.95) (end -0.15 -1.52) (layer F.Fab) (width 0.1))
    (fp_line (start 0.7 -1.52) (end 0.7 1.52) (layer F.Fab) (width 0.1))
    (fp_line (start -0.7 1.52) (end 0.7 1.52) (layer F.Fab) (width 0.1))
    (fp_line (start 0.76 1.58) (end 0.76 0.65) (layer F.SilkS) (width 0.12))
    (fp_line (start 0.76 -1.58) (end 0.76 -0.65) (layer F.SilkS) (width 0.12))
    (fp_line (start -1.7 -1.75) (end 1.7 -1.75) (layer F.CrtYd) (width 0.05))
    (fp_line (start 1.7 -1.75) (end 1.7 1.75) (layer F.CrtYd) (width 0.05))
    (fp_line (start 1.7 1.75) (end -1.7 1.75) (layer F.CrtYd) (width 0.05))
    (fp_line (start -1.7 1.75) (end -1.7 -1.75) (layer F.CrtYd) (width 0.05))
    (fp_line (start 0.76 -1.58) (end -1.4 -1.58) (layer F.SilkS) (width 0.12))
    (fp_line (start 0.76 1.58) (end -0.7 1.58) (layer F.SilkS) (width 0.12))
    (pad 1 smd rect (at -1 -0.95) (size 0.9 0.8) (layers F.Cu F.Paste F.Mask)
      (net 24 "Net-(C4-Pad1)"))
    (pad 2 smd rect (at -1 0.95) (size 0.9 0.8) (layers F.Cu F.Paste F.Mask)
      (net 15 "Net-(BT1-Pad1)"))
    (pad 3 smd rect (at 1 0) (size 0.9 0.8) (layers F.Cu F.Paste F.Mask)
      (net 3 VDD))
    (model ${KISYS3DMOD}/Package_TO_SOT_SMD.3dshapes/SOT-23.wrl
      (at (xyz 0 0 0))
      (scale (xyz 1 1 1))
      (rotate (xyz 0 0 0))
    )
  )

